timestamp,S1,S2,S3,S4,S5,S6,S7,S8,S9,S10,Flag
1,2134,1714,1338,1787,2287,705,927,2777,2534,920,0
2,2130,1718,1336,1786,2290,705,928,2838,2534,919,0
3,2142,1736,1336,1787,2289,706,931,2920,2534,921,0
4,2163,1720,1337,1787,2290,704,930,2930,2535,920,0
5,2109,1716,1338,1787,2290,706,927,2868,2536,919,0
6,2143,1723,1338,1789,2290,712,927,2794,2535,920,0
7,2146,1718,1338,1787,2289,702,927,2780,2534,920,0
8,2136,1720,1336,1788,2290,705,930,2837,2534,920,0
9,2114,1718,1337,1787,2289,706,927,2920,2535,920,0
10,2139,1698,1338,1789,2289,705,930,2930,2534,920,0
11,2104,1719,1338,1787,2288,704,929,2899,2533,920,0
12,2141,1724,1337,1787,2289,702,927,2819,2534,921,0
13,2146,1720,1332,1787,2289,701,928,2773,2534,920,0
14,2136,1723,1337,1789,2289,702,930,2810,2534,920,0
15,2137,1720,1338,1787,2288,705,926,2890,2534,919,0
16,2142,1736,1338,1790,2290,702,936,2934,2534,920,0
17,2139,1718,1338,1787,2288,706,926,2927,2536,919,0
18,2136,1713,1338,1789,2290,704,929,2863,2535,921,0
19,2123,1718,1337,1789,2289,702,928,2789,2535,921,0
20,2145,1721,1336,1790,2289,705,929,2784,2534,920,0
21,2143,1722,1337,1788,2290,706,928,2841,2536,919,1
22,2127,1717,1338,1786,2289,704,927,2901,2535,919,1
23,2138,1716,1338,1790,2287,705,930,2936,2536,920,1
24,2143,1730,1337,1790,2290,705,930,2918,2534,920,1
25,2139,1732,1338,1780,2288,704,930,2835,2536,919,1
26,2146,1720,1339,1788,2288,704,926,2771,2535,918,1
27,2146,1722,1339,1789,2289,705,930,2792,2536,920,1
28,2136,1713,1338,1790,2290,704,930,2866,2536,920,1
29,2141,1724,1339,1789,2290,706,931,2930,2536,921,1
30,2140,1728,1338,1790,2290,705,930,2931,2534,920,1
31,2130,1718,1346,1788,2290,706,930,2888,2538,920,1
32,2136,1718,1339,1791,2289,706,930,2809,2536,919,1
33,2152,1722,1338,1794,2289,705,928,2779,2535,918,1
34,2140,1733,1336,1794,2290,705,928,2826,2535,920,1
35,2144,1726,1338,1794,2290,704,929,2898,2535,920,1
36,2140,1716,1338,1794,2289,706,926,2933,2536,921,1
37,2144,1723,1338,1797,2290,704,931,2930,2536,920,1
38,2138,1717,1338,1798,2289,707,931,2858,2535,922,1
39,2140,1719,1337,1797,2290,706,931,2784,2534,922,1
40,2137,1719,1339,1798,2288,706,931,2794,2536,922,1
41,2141,1719,1338,1800,2290,706,934,2851,2538,922,1
42,2142,1745,1339,1801,2290,705,944,2917,2538,922,1
43,2140,1716,1337,1803,2290,706,937,2931,2537,922,1
44,2146,1721,1339,1805,2291,706,934,2907,2538,922,1
45,2137,1715,1338,1806,2290,706,936,2835,2538,925,1
46,2142,1716,1339,1810,2290,706,938,2777,2538,925,1
47,2141,1730,1340,1811,2289,706,939,2810,2539,925,1
48,2140,1712,1338,1814,2291,705,942,2880,2539,927,1
49,2142,1718,1339,1816,2291,704,944,2936,2539,926,1
50,2146,1728,1339,1818,2290,705,946,2942,2539,929,1
51,2141,1730,1338,1820,2290,704,946,2888,2541,927,1
52,2116,1716,1340,1821,2289,705,948,2817,2541,931,1
53,2144,1722,1337,1825,2290,705,952,2797,2541,930,1
54,2142,1725,1338,1828,2291,705,952,2844,2542,932,1
55,2136,1720,1339,1830,2291,705,955,2909,2542,932,1
56,2129,1718,1339,1832,2291,704,957,2941,2544,934,1
57,2142,1722,1340,1834,2289,705,958,2928,2543,935,1
58,2139,1723,1341,1838,2291,705,964,2865,2544,934,1
59,2140,1722,1338,1840,2291,704,966,2807,2546,936,1
60,2141,1715,1339,1841,2290,705,966,2807,2546,936,1
61,2140,1710,1339,1845,2291,706,967,2869,2547,935,1
62,2155,1721,1342,1848,2290,706,970,2923,2547,937,1
63,2154,1722,1342,1852,2291,702,975,2939,2547,939,1
64,2160,1723,1340,1853,2291,704,978,2918,2548,938,1
65,2142,1718,1339,1859,2291,705,978,2853,2548,939,1
66,2140,1717,1342,1861,2291,705,981,2811,2550,941,1
67,2147,1721,1341,1864,2292,706,981,2837,2550,940,1
68,2145,1723,1339,1865,2291,706,986,2902,2550,942,1
69,2147,1723,1341,1867,2292,706,985,2948,2552,941,1
70,2139,1721,1340,1870,2291,705,988,2954,2552,943,1
71,2139,1722,1341,1872,2289,706,990,2901,2553,943,1
72,2145,1716,1344,1876,2291,705,995,2830,2553,943,1
73,2143,1715,1342,1878,2291,706,994,2817,2553,942,1
74,2152,1720,1341,1878,2291,704,997,2862,2554,944,1
75,2148,1721,1342,1882,2291,704,996,2919,2554,945,1
76,2151,1720,1344,1883,2292,704,1000,2950,2555,945,1
77,2148,1731,1346,1888,2294,701,1002,2940,2550,946,1
78,2150,1726,1341,1886,2292,704,1002,2883,2556,945,1
79,2146,1726,1340,1890,2293,706,1002,2822,2557,946,1
80,2136,1722,1341,1890,2294,706,1006,2831,2557,947,1
81,2142,1720,1345,1892,2289,705,1009,2893,2560,949,1
82,2141,1715,1344,1894,2291,707,1009,2944,2559,948,1
83,2144,1715,1344,1894,2293,702,1010,2957,2560,951,1
84,2144,1715,1344,1896,2294,706,1010,2930,2561,949,1
85,2145,1722,1344,1898,2294,707,1010,2859,2561,949,1
86,2148,1720,1345,1898,2294,709,1011,2820,2562,952,1
87,2149,1728,1344,1899,2293,708,1014,2846,2562,949,1
88,2151,1726,1341,1900,2293,707,1015,2910,2562,950,1
89,2158,1725,1344,1901,2294,706,1016,2952,2563,950,1
90,2147,1729,1345,1902,2294,705,1015,2962,2563,950,1
91,2147,1724,1346,1902,2294,706,1017,2906,2563,952,1
92,2170,1724,1346,1904,2294,707,1019,2843,2564,952,1
93,2158,1724,1347,1904,2294,705,1020,2832,2563,952,1
94,2155,1726,1344,1906,2293,706,1020,2880,2564,954,1
95,2152,1736,1345,1906,2294,705,1020,2929,2565,951,1
96,2151,1731,1346,1908,2295,705,1020,2959,2564,951,1
97,2148,1722,1347,1908,2288,707,1024,2939,2566,952,1
98,2147,1725,1345,1910,2295,706,1021,2883,2566,953,1
99,2148,1725,1347,1910,2293,706,1025,2822,2566,953,1
100,2141,1722,1346,1910,2294,707,1022,2837,2566,953,1
101,2148,1723,1347,1912,2287,705,1025,2891,2565,947,1
102,2155,1726,1346,1911,2294,706,1024,2920,2566,952,1
103,2154,1723,1347,1911,2297,705,1024,2952,2566,952,1
104,2143,1725,1346,1910,2294,706,1024,2955,2566,952,1
105,2151,1723,1347,1912,2294,706,1025,2898,2566,952,1
106,2152,1723,1348,1909,2294,707,1022,2856,2566,954,1
107,2151,1724,1346,1911,2296,706,1020,2820,2566,950,1
108,2146,1722,1347,1910,2287,706,1018,2836,2566,948,1
109,2152,1729,1347,1908,2296,707,1019,2900,2565,950,1
110,2150,1725,1347,1906,2296,708,1018,2928,2566,951,1
111,2150,1719,1350,1907,2296,705,1015,2959,2564,950,1
112,2148,1728,1348,1904,2293,708,1014,2959,2565,949,1
113,2150,1725,1347,1903,2296,705,1014,2900,2563,948,1
114,2149,1722,1347,1902,2296,706,1011,2847,2564,950,1
115,2150,1722,1347,1900,2296,707,1006,2809,2565,948,1
116,2149,1728,1346,1898,2296,704,1009,2830,2564,948,1
117,2150,1729,1347,1895,2297,706,1006,2895,2563,947,1
118,2149,1723,1347,1892,2295,705,1002,2926,2563,947,1
119,2153,1720,1348,1890,2298,705,1000,2954,2563,946,1
120,2149,1728,1349,1887,2296,706,996,2950,2563,949,1
121,2151,1704,1347,1884,2297,707,992,2878,2562,944,2
122,2162,1734,1354,1883,2299,709,993,2811,2564,944,2
123,2160,1733,1352,1879,2301,709,991,2807,2562,946,2
124,2162,1731,1351,1874,2302,709,986,2869,2562,945,2
125,2158,1735,1351,1867,2302,709,984,2928,2560,944,2
126,2164,1734,1354,1862,2299,709,979,2952,2561,942,2
127,2162,1731,1352,1857,2301,709,978,2927,2562,942,2
128,2158,1730,1352,1851,2299,706,975,2839,2560,942,2
129,2160,1732,1352,1848,2299,709,970,2786,2558,940,2
130,2157,1732,1351,1842,2300,710,966,2811,2555,939,2
131,2160,1734,1353,1838,2299,710,963,2885,2556,938,2
132,2160,1734,1354,1835,2298,708,957,2934,2556,938,2
133,2158,1732,1352,1830,2299,706,953,2941,2554,938,2
134,2158,1736,1352,1826,2298,708,949,2886,2554,937,2
135,2162,1734,1350,1821,2299,707,943,2799,2552,935,2
136,2157,1732,1352,1817,2299,707,941,2771,2553,935,2
137,2158,1736,1352,1814,2298,706,937,2825,2552,936,2
138,2155,1734,1350,1808,2299,708,932,2898,2551,934,2
139,2158,1734,1351,1806,2299,707,930,2936,2549,933,2
140,2160,1736,1351,1802,2298,707,922,2928,2550,932,2
141,2158,1734,1352,1799,2298,708,922,2838,2549,931,2
142,2160,1734,1352,1793,2299,709,915,2761,2548,931,2
143,2157,1731,1351,1790,2299,706,911,2766,2547,930,2
144,2158,1734,1352,1784,2298,706,908,2845,2546,929,2
145,2159,1734,1349,1781,2299,709,903,2908,2546,926,2
146,2159,1735,1352,1777,2298,708,902,2928,2546,928,2
147,2155,1730,1352,1776,2298,707,898,2893,2544,926,2
148,2158,1732,1350,1771,2299,707,893,2790,2543,926,2
149,2158,1736,1350,1767,2298,708,887,2737,2542,925,2
150,2161,1734,1349,1763,2298,707,883,2780,2541,923,2
151,2160,1734,1352,1760,2298,709,880,2864,2541,923,2
152,2162,1732,1350,1757,2297,707,877,2913,2539,923,2
153,2158,1729,1350,1753,2298,707,874,2919,2539,922,2
154,2157,1733,1350,1750,2298,706,872,2843,2538,921,2
155,2157,1731,1350,1746,2298,707,867,2754,2536,921,2
156,2157,1730,1350,1742,2297,707,865,2733,2537,921,2
157,2158,1733,1348,1739,2298,707,859,2799,2535,920,2
158,2155,1730,1349,1738,2297,707,858,2880,2534,919,2
159,2155,1731,1350,1733,2298,706,856,2916,2533,918,2
160,2156,1732,1349,1730,2298,707,851,2904,2531,917,2
161,2159,1732,1349,1728,2298,705,850,2800,2532,916,2
162,2158,1730,1350,1722,2298,707,845,2720,2532,916,2
163,2161,1733,1350,1720,2296,706,842,2737,2530,916,2
164,2155,1733,1348,1718,2297,706,842,2827,2528,916,2
165,2157,1734,1348,1713,2296,706,837,2891,2529,914,2
166,2160,1729,1348,1712,2296,706,835,2912,2527,914,2
167,2159,1732,1349,1710,2296,708,833,2863,2526,914,2
168,2159,1729,1348,1708,2296,708,832,2756,2526,912,2
169,2156,1730,1349,1704,2298,706,826,2707,2525,911,2
170,2154,1730,1347,1702,2297,707,824,2755,2526,912,2
171,2160,1730,1348,1698,2296,709,821,2846,2524,911,2
172,2160,1729,1347,1698,2296,706,819,2899,2523,909,2
173,2156,1732,1348,1694,2296,706,817,2905,2522,910,2
174,2158,1730,1346,1691,2296,707,816,2819,2520,909,2
175,2155,1732,1347,1689,2296,707,814,2722,2520,908,2
176,2158,1726,1347,1687,2296,707,811,2707,2519,908,2
177,2158,1729,1348,1684,2296,707,810,2779,2519,907,2
178,2158,1730,1348,1682,2294,707,808,2864,2518,907,2
179,2159,1728,1347,1681,2297,706,804,2902,2518,906,2
180,2155,1731,1346,1678,2294,707,801,2888,2517,904,2
181,2157,1731,1347,1675,2294,706,798,2776,2516,906,2
182,2155,1730,1348,1673,2295,706,797,2696,2515,905,2
183,2156,1730,1346,1672,2296,706,798,2716,2514,904,2
184,2157,1728,1346,1670,2296,706,794,2811,2514,902,2
185,2153,1729,1346,1667,2296,707,794,2877,2512,904,2
186,2156,1729,1346,1666,2293,706,792,2899,2513,903,2
187,2155,1725,1346,1664,2294,708,789,2849,2511,902,2
188,2153,1726,1345,1660,2295,709,788,2737,2511,902,2
189,2157,1728,1345,1658,2296,707,786,2688,2509,902,2
190,2158,1723,1346,1658,2294,706,785,2738,2512,902,2
191,2155,1724,1345,1653,2294,706,784,2834,2509,901,2
192,2158,1725,1346,1653,2294,704,782,2884,2509,899,2
193,2154,1729,1346,1651,2293,706,782,2890,2508,901,2
194,2154,1728,1345,1650,2294,706,781,2803,2507,899,2
195,2156,1725,1345,1648,2293,706,777,2706,2507,900,2
196,2155,1726,1345,1644,2294,706,776,2689,2506,900,2
197,2152,1730,1346,1646,2292,706,776,2766,2505,898,2
198,2154,1725,1344,1643,2294,705,774,2851,2505,898,2
199,2153,1728,1344,1641,2294,706,771,2892,2504,897,2
200,2152,1731,1344,1640,2295,707,771,2880,2502,894,2
201,2154,1725,1344,1640,2293,704,771,2766,2503,897,2
202,2152,1726,1346,1637,2292,706,768,2680,2502,896,2
203,2154,1725,1342,1636,2294,705,768,2703,2502,897,2
204,2155,1731,1341,1634,2293,707,766,2796,2500,896,2
205,2152,1726,1345,1630,2291,707,765,2866,2501,893,2
206,2153,1728,1341,1632,2294,706,763,2892,2499,893,2
207,2151,1724,1344,1629,2292,707,762,2842,2499,891,2
208,2154,1728,1344,1630,2294,705,760,2728,2498,892,2
209,2155,1728,1342,1627,2294,706,759,2674,2498,891,2
210,2154,1724,1342,1625,2292,705,759,2723,2496,891,2
211,2150,1725,1344,1623,2291,704,757,2821,2497,891,2
212,2154,1723,1344,1623,2291,706,755,2877,2496,891,2
213,2150,1723,1344,1622,2291,703,756,2884,2493,892,2
214,2149,1722,1340,1622,2293,705,754,2801,2492,890,2
215,2152,1724,1341,1620,2291,706,753,2702,2493,889,2
216,2150,1726,1340,1619,2292,706,754,2679,2491,890,2
217,2154,1720,1342,1617,2291,706,751,2749,2492,889,2
218,2149,1723,1338,1616,2291,707,751,2841,2491,889,2
219,2150,1721,1339,1616,2292,705,750,2883,2490,889,2
220,2152,1724,1339,1613,2291,705,748,2874,2490,888,2
221,2149,1722,1340,1612,2292,706,747,2760,2490,888,2
222,2152,1723,1339,1612,2291,706,747,2673,2489,887,2
223,2147,1723,1339,1611,2291,706,747,2690,2489,888,2
224,2149,1724,1339,1608,2291,704,745,2784,2488,885,2
225,2152,1723,1339,1608,2291,706,745,2856,2488,887,2
226,2148,1723,1339,1608,2291,704,744,2885,2488,887,2
227,2147,1721,1340,1606,2291,705,744,2842,2486,888,2
228,2147,1723,1338,1606,2291,705,743,2722,2486,887,2
229,2147,1724,1338,1604,2291,707,740,2664,2487,886,2
230,2146,1722,1339,1604,2290,706,739,2708,2483,885,2
231,2147,1724,1339,1601,2290,706,740,2808,2485,884,2
232,2150,1722,1338,1602,2289,706,739,2868,2484,885,2
233,2150,1721,1340,1601,2290,705,738,2881,2483,886,2
234,2146,1721,1338,1598,2290,706,737,2803,2482,884,2
235,2144,1721,1338,1596,2290,706,737,2698,2482,883,2
236,2145,1722,1338,1594,2289,706,735,2667,2482,883,2
237,2150,1723,1338,1596,2289,704,738,2738,2482,884,2
238,2147,1724,1338,1596,2290,706,734,2832,2481,883,2
239,2143,1721,1335,1593,2291,706,734,2878,2480,883,2
240,2145,1726,1337,1593,2288,704,734,2873,2480,884,2
241,2146,1721,1338,1593,2290,705,733,2762,2479,882,2
242,2147,1722,1338,1592,2289,703,734,2671,2480,883,2
243,2146,1722,1338,1590,2289,705,732,2678,2480,883,2
244,2146,1723,1338,1590,2290,707,732,2769,2478,882,2
245,2142,1721,1335,1588,2289,705,730,2850,2478,882,2
246,2147,1723,1339,1587,2288,707,731,2882,2478,881,2
247,2142,1724,1337,1587,2287,706,729,2848,2477,882,2
248,2144,1720,1337,1588,2288,704,730,2729,2476,882,2
249,2145,1722,1337,1586,2290,705,728,2659,2475,881,2
250,2146,1720,1337,1584,2287,706,729,2699,2475,881,2
251,2142,1718,1338,1584,2287,704,728,2799,2475,880,2
252,2146,1720,1337,1584,2288,707,728,2862,2475,879,2
253,2146,1722,1338,1583,2287,705,728,2877,2475,880,2
254,2139,1718,1337,1582,2288,706,726,2810,2474,880,2
255,2144,1720,1335,1583,2288,706,726,2699,2472,878,2
256,2142,1720,1336,1581,2286,704,726,2660,2474,878,2
257,2145,1722,1336,1581,2287,706,724,2726,2474,880,2
258,2139,1722,1336,1581,2287,702,724,2819,2473,880,2
259,2142,1722,1334,1579,2287,704,722,2872,2472,878,2
260,2142,1722,1334,1579,2288,704,722,2874,2471,877,2
261,2139,1717,1336,1578,2287,704,722,2769,2473,879,2
262,2144,1718,1336,1577,2286,702,723,2674,2470,877,2
263,2144,1721,1336,1578,2287,704,722,2671,2470,877,2
264,2141,1722,1336,1577,2286,705,719,2754,2470,878,2
265,2143,1722,1336,1574,2286,704,721,2842,2470,878,2
266,2141,1718,1335,1574,2286,704,719,2872,2470,878,2
267,2139,1719,1335,1574,2287,701,720,2854,2470,878,2
268,2138,1718,1336,1575,2286,701,719,2736,2467,876,2
269,2138,1719,1333,1574,2286,704,721,2659,2467,878,2
270,2137,1719,1333,1573,2287,701,717,2688,2467,876,2
271,2139,1722,1334,1571,2285,704,717,2786,2467,876,2
272,2142,1721,1335,1571,2284,704,719,2854,2467,877,2
273,2142,1718,1333,1571,2286,702,718,2874,2466,876,2
274,2137,1720,1333,1570,2284,701,717,2821,2466,876,2
275,2137,1718,1332,1569,2286,702,716,2703,2466,876,2
276,2141,1718,1334,1570,2286,701,716,2653,2466,875,2
277,2139,1720,1334,1567,2285,704,717,2709,2466,875,2
278,2140,1717,1334,1569,2286,700,717,2806,2464,875,2
279,2137,1718,1333,1565,2284,701,716,2866,2465,875,2
280,2138,1720,1332,1566,2286,701,718,2871,2462,873,2
281,2138,1716,1333,1565,2284,702,714,2778,2464,875,2
282,2140,1718,1333,1565,2285,702,715,2679,2463,873,2
283,2138,1715,1334,1566,2285,700,716,2660,2464,876,2
284,2137,1716,1333,1564,2284,700,713,2739,2462,875,2
285,2136,1718,1331,1563,2285,702,712,2831,2461,874,2
286,2136,1716,1332,1563,2283,701,713,2868,2462,874,2
287,2139,1716,1333,1563,2283,702,714,2862,2462,873,2
288,2134,1716,1334,1563,2283,704,714,2746,2462,875,2
289,2135,1718,1331,1562,2285,704,714,2661,2459,874,2
290,2134,1714,1331,1561,2285,704,713,2678,2458,873,2
291,2138,1717,1333,1562,2284,702,713,2768,2461,872,2
292,2138,1714,1334,1562,2284,701,712,2843,2460,874,2
293,2137,1716,1331,1559,2282,704,711,2872,2460,872,2
294,2134,1715,1333,1560,2282,700,712,2831,2459,873,2
295,2134,1715,1330,1559,2283,701,711,2714,2458,873,2
296,2137,1717,1331,1561,2283,701,711,2650,2459,873,2
297,2138,1715,1332,1560,2284,701,711,2697,2459,872,2
298,2135,1714,1331,1559,2284,700,710,2796,2456,872,2
299,2134,1716,1331,1558,2283,704,710,2858,2458,871,2
300,2138,1718,1331,1560,2282,704,712,2872,2458,874,2
301,2138,1715,1332,1559,2282,702,710,2795,2458,873,2
302,2134,1718,1330,1558,2283,701,710,2688,2458,870,2
303,2134,1713,1329,1556,2282,704,709,2654,2456,870,2
304,2134,1718,1330,1558,2283,702,709,2724,2455,872,2
305,2136,1713,1330,1557,2283,700,708,2819,2455,871,2
306,2136,1716,1330,1557,2282,702,708,2866,2456,872,2
307,2134,1718,1330,1556,2281,699,709,2866,2456,871,2
308,2134,1714,1331,1556,2282,701,710,2755,2456,870,2
309,2134,1714,1330,1555,2281,702,709,2666,2456,871,2
310,2132,1714,1329,1555,2283,700,708,2667,2454,870,2
311,2134,1715,1331,1556,2282,701,708,2752,2455,870,2
312,2136,1716,1330,1555,2280,701,709,2836,2454,871,2
313,2134,1715,1329,1555,2282,701,709,2870,2453,870,2
314,2131,1716,1328,1554,2282,701,707,2848,2453,869,2
315,2133,1718,1328,1553,2282,704,708,2731,2454,870,2
316,2132,1716,1330,1553,2281,700,709,2653,2452,871,2
317,2130,1716,1329,1552,2282,701,708,2684,2454,870,2
318,2134,1718,1329,1552,2280,701,707,2781,2452,869,2
319,2130,1716,1327,1552,2280,702,707,2850,2451,869,2
320,2131,1717,1328,1551,2281,701,708,2870,2451,869,2
321,2129,1714,1329,1551,2279,700,706,2818,2453,868,3
322,2124,1704,1323,1546,2275,698,706,2694,2450,868,3
323,2102,1705,1326,1549,2274,698,707,2652,2451,873,3
324,2098,1704,1323,1554,2275,698,705,2706,2450,870,3
325,2120,1713,1323,1559,2274,698,707,2801,2450,870,3
326,2123,1702,1326,1564,2274,698,708,2859,2450,870,3
327,2120,1707,1324,1570,2276,697,709,2866,2450,870,3
328,2120,1716,1323,1572,2276,697,708,2784,2450,869,3
329,2123,1726,1324,1580,2275,698,711,2679,2450,869,3
330,2128,1706,1325,1584,2275,698,711,2662,2451,870,3
331,2107,1706,1325,1591,2274,698,712,2743,2451,871,3
332,2118,1707,1325,1601,2275,698,715,2835,2451,870,3
333,2120,1706,1325,1611,2276,697,718,2875,2451,872,3
334,2126,1696,1325,1619,2275,698,719,2870,2451,872,3
335,2115,1709,1326,1628,2276,700,722,2764,2451,872,3
336,2119,1707,1325,1638,2275,700,725,2690,2453,873,3
337,2129,1708,1326,1646,2275,699,728,2693,2454,872,3
338,2098,1704,1327,1653,2276,691,731,2774,2455,873,3
339,2131,1708,1332,1661,2275,701,734,2848,2454,874,3
340,2134,1710,1336,1665,2278,702,736,2881,2455,873,3
341,2142,1714,1329,1668,2278,698,736,2862,2456,873,3
342,2127,1694,1327,1670,2278,699,739,2762,2456,873,3
343,2136,1709,1330,1673,2277,699,741,2691,2456,873,3
344,2129,1713,1327,1672,2273,700,743,2712,2455,874,3
345,2130,1711,1327,1674,2276,698,746,2804,2455,874,3
346,2127,1710,1328,1672,2276,698,745,2866,2456,873,3
347,2129,1700,1328,1670,2277,698,746,2889,2456,874,3
348,2122,1708,1327,1667,2277,698,747,2835,2457,875,3
349,2129,1709,1329,1665,2277,698,749,2739,2457,874,3
350,2156,1713,1329,1664,2277,698,748,2692,2457,874,3
351,2099,1707,1329,1657,2278,698,748,2738,2456,874,3
352,2139,1711,1328,1658,2276,708,749,2827,2458,874,3
353,2132,1711,1327,1653,2278,697,752,2878,2456,874,3
354,2122,1706,1329,1650,2276,699,751,2883,2457,874,3
355,2127,1707,1329,1650,2286,698,751,2808,2457,874,3
356,2128,1710,1329,1647,2278,698,750,2718,2458,874,3
357,2139,1710,1329,1644,2275,698,751,2699,2459,875,3
358,2123,1708,1326,1642,2276,699,753,2768,2459,875,3
359,2130,1691,1328,1642,2277,698,753,2842,2459,875,3
360,2134,1713,1328,1639,2275,700,754,2883,2460,874,3
361,2131,1715,1328,1638,2275,697,754,2885,2459,878,3
362,2133,1707,1328,1635,2277,698,754,2786,2459,876,3
363,2131,1712,1329,1633,2277,698,757,2699,2455,875,3
364,2142,1710,1326,1632,2276,698,758,2714,2460,877,3
365,2131,1714,1326,1631,2276,700,757,2789,2461,875,3
366,2126,1707,1328,1628,2278,697,758,2861,2460,876,3
367,2134,1713,1327,1629,2275,698,759,2894,2459,876,3
368,2126,1709,1327,1626,2275,698,759,2859,2462,875,3
369,2130,1713,1328,1631,2276,699,758,2757,2462,875,3
370,2121,1707,1323,1625,2276,699,761,2699,2461,877,3
371,2161,1711,1327,1626,2276,698,762,2730,2461,876,3
372,2135,1710,1328,1626,2275,698,763,2819,2462,876,3
373,2140,1711,1327,1625,2277,698,762,2875,2461,876,3
374,2126,1706,1328,1626,2275,698,765,2891,2464,875,3
375,2130,1706,1328,1626,2275,698,768,2834,2464,877,3
376,2131,1711,1328,1623,2278,698,768,2742,2464,876,3
377,2120,1706,1328,1626,2275,698,771,2699,2464,878,3
378,2130,1708,1326,1625,2276,699,770,2754,2462,876,3
379,2129,1697,1328,1625,2275,697,771,2830,2465,878,3
380,2123,1708,1328,1626,2275,699,772,2878,2466,878,3
381,2138,1710,1328,1626,2275,698,772,2890,2465,878,3
382,2132,1695,1327,1627,2277,698,776,2812,2466,877,3
383,2130,1706,1326,1626,2276,698,776,2730,2464,878,3
384,2119,1709,1327,1629,2276,698,778,2706,2466,879,3
385,2138,1707,1328,1627,2276,699,779,2774,2466,878,3
386,2138,1712,1328,1629,2275,697,779,2855,2466,879,3
387,2130,1710,1328,1630,2275,698,779,2888,2466,877,3
388,2132,1709,1328,1629,2275,697,789,2889,2467,877,3
389,2127,1717,1327,1630,2275,698,782,2794,2466,878,3
390,2130,1711,1328,1629,2276,700,781,2712,2467,876,3
391,2127,1686,1328,1630,2274,699,784,2722,2467,879,3
392,2140,1709,1327,1630,2276,699,783,2799,2467,878,3
393,2138,1709,1326,1630,2277,700,782,2867,2466,878,3
394,2136,1708,1328,1629,2276,700,784,2894,2466,878,3
395,2131,1720,1327,1629,2275,701,785,2870,2468,878,3
396,2129,1705,1328,1630,2278,700,785,2774,2467,877,3
397,2132,1714,1326,1631,2274,700,786,2712,2468,878,3
398,2131,1703,1327,1633,2276,700,787,2737,2467,879,3
399,2138,1709,1328,1630,2276,702,787,2824,2468,878,3
400,2131,1709,1327,1630,2275,700,787,2881,2467,878,3
401,2125,1703,1328,1630,2275,699,788,2892,2466,878,3
402,2130,1703,1328,1632,2274,698,790,2843,2468,879,3
403,2120,1705,1327,1630,2275,699,790,2749,2467,878,3
404,2130,1721,1328,1630,2275,699,789,2710,2469,878,3
405,2130,1706,1327,1627,2275,701,791,2760,2470,878,3
406,2128,1700,1328,1630,2275,699,791,2838,2468,878,3
407,2130,1712,1328,1630,2274,700,789,2884,2468,878,3
408,2127,1728,1326,1623,2275,699,788,2895,2469,878,3
409,2131,1704,1328,1627,2274,701,790,2816,2470,877,3
410,2128,1708,1327,1628,2274,700,790,2730,2470,877,3
411,2129,1707,1326,1627,2275,700,791,2718,2468,877,3
412,2127,1703,1327,1628,2275,698,791,2776,2468,877,3
413,2131,1719,1327,1628,2273,698,793,2858,2474,879,3
414,2128,1713,1326,1637,2274,699,793,2895,2469,877,3
415,2135,1712,1326,1627,2275,699,792,2889,2467,878,3
416,2126,1698,1328,1628,2274,700,793,2794,2469,878,3
417,2131,1710,1325,1628,2274,699,792,2722,2469,876,3
418,2128,1692,1326,1627,2275,699,792,2724,2469,878,3
419,2129,1708,1326,1627,2273,699,793,2802,2469,878,3
420,2129,1714,1328,1625,2274,701,794,2864,2470,877,3
421,2134,1711,1327,1626,2275,699,793,2894,2468,878,3
422,2131,1709,1326,1627,2275,699,794,2871,2470,879,3
423,2130,1714,1327,1625,2273,699,793,2770,2470,879,3
424,2158,1712,1327,1625,2273,699,795,2707,2470,875,3
425,2134,1711,1327,1624,2274,699,793,2738,2470,877,3
426,2123,1710,1326,1626,2275,699,795,2822,2469,878,3
427,2145,1711,1325,1626,2273,698,795,2880,2470,877,3
428,2130,1707,1327,1626,2275,699,804,2899,2470,878,3
429,2130,1714,1326,1624,2274,699,794,2850,2474,878,3
430,2126,1709,1326,1626,2273,699,791,2749,2470,879,3
431,2128,1698,1326,1625,2274,695,796,2710,2470,879,3
432,2130,1708,1326,1625,2273,698,796,2759,2470,881,3
433,2127,1707,1325,1626,2274,699,802,2842,2471,878,3
434,2127,1720,1326,1624,2274,699,797,2890,2470,878,3
435,2115,1705,1325,1626,2267,699,800,2898,2470,880,3
436,2126,1707,1326,1627,2273,698,800,2821,2472,880,3
437,2130,1702,1326,1628,2274,698,800,2737,2470,879,3
438,2126,1702,1326,1628,2274,698,802,2718,2472,880,3
439,2125,1699,1325,1629,2275,699,804,2776,2472,880,3
440,2142,1709,1324,1627,2272,698,802,2854,2471,880,3
441,2152,1710,1327,1631,2272,698,804,2893,2470,881,3
442,2128,1705,1326,1632,2273,698,805,2894,2472,882,3
443,2135,1710,1326,1632,2275,699,807,2800,2474,881,3
444,2146,1709,1326,1635,2273,700,808,2724,2474,882,3
445,2132,1709,1326,1635,2274,699,808,2734,2473,877,3
446,2139,1706,1318,1638,2274,698,810,2801,2474,883,3
447,2129,1706,1326,1638,2274,699,811,2873,2474,884,3
448,2152,1709,1327,1640,2272,698,813,2896,2475,883,3
449,2126,1702,1326,1640,2274,701,814,2875,2474,882,3
450,2124,1704,1327,1643,2273,701,818,2787,2475,884,3
451,2131,1712,1326,1645,2275,700,816,2727,2474,884,3
452,2130,1689,1325,1647,2274,700,817,2748,2477,883,3
453,2120,1707,1326,1650,2272,699,822,2833,2476,886,3
454,2130,1715,1326,1649,2273,699,822,2888,2477,884,3
455,2129,1709,1326,1654,2274,699,824,2904,2478,887,3
456,2131,1703,1326,1656,2274,699,825,2868,2478,886,3
457,2131,1703,1326,1657,2273,698,828,2784,2478,887,3
458,2123,1700,1326,1660,2274,699,829,2732,2479,886,3
459,2121,1705,1325,1662,2273,700,835,2774,2479,888,3
460,2112,1707,1325,1666,2274,698,834,2850,2479,887,3
461,2130,1710,1325,1665,2272,699,837,2900,2479,888,3
462,2130,1707,1325,1670,2274,700,836,2906,2479,887,3
463,2123,1706,1324,1672,2273,699,842,2842,2480,886,3
464,2117,1707,1324,1674,2267,699,842,2768,2482,890,3
465,2135,1710,1325,1675,2272,701,841,2742,2482,887,3
466,2130,1710,1325,1675,2274,699,843,2788,2482,889,3
467,2166,1709,1326,1678,2272,700,846,2864,2482,890,3
468,2127,1711,1327,1681,2273,699,849,2904,2484,890,3
469,2126,1699,1327,1681,2273,700,848,2906,2483,890,3
470,2131,1710,1325,1684,2273,700,848,2827,2484,890,3
471,2127,1710,1325,1685,2274,700,853,2756,2485,891,3
472,2113,1704,1334,1687,2273,699,856,2758,2485,891,3
473,2130,1704,1324,1688,2274,699,854,2821,2483,891,3
474,2130,1714,1326,1690,2272,700,855,2878,2486,891,3
475,2113,1709,1333,1691,2274,699,859,2915,2485,892,3
476,2129,1709,1327,1694,2274,699,859,2892,2486,893,3
477,2124,1702,1326,1696,2273,698,862,2810,2486,896,3
478,2134,1705,1325,1698,2273,698,863,2754,2488,894,3
479,2162,1709,1325,1700,2273,699,864,2762,2487,894,3
480,2126,1709,1326,1700,2272,699,867,2838,2488,894,3
481,2128,1704,1327,1701,2274,700,871,2901,2488,896,3
482,2151,1710,1325,1702,2271,700,867,2913,2489,892,3
483,2104,1704,1325,1703,2274,700,869,2885,2488,893,3
484,2150,1708,1326,1706,2272,699,870,2794,2491,896,3
485,2125,1709,1325,1707,2273,701,874,2747,2489,896,3
486,2127,1704,1327,1708,2274,698,871,2788,2489,896,3
487,2126,1706,1327,1708,2274,699,874,2858,2490,897,3
488,2130,1709,1326,1710,2273,698,873,2908,2491,898,3
489,2127,1702,1325,1711,2272,700,875,2912,2490,898,3
490,2114,1706,1326,1711,2272,699,876,2862,2491,898,3
491,2155,1707,1326,1713,2272,698,880,2786,2491,897,3
492,2123,1709,1326,1714,2273,699,880,2766,2492,898,3
493,2136,1710,1326,1715,2274,698,881,2802,2493,898,3
494,2098,1705,1325,1716,2273,698,881,2875,2494,899,3
495,2130,1706,1327,1716,2273,698,881,2910,2494,898,3
496,2113,1709,1327,1718,2271,698,882,2921,2494,899,3
497,2124,1707,1326,1719,2271,699,883,2850,2494,899,3
498,2122,1705,1326,1720,2268,699,883,2776,2496,900,3
499,2135,1707,1326,1722,2273,699,884,2766,2496,901,3
500,2115,1705,1325,1722,2274,700,886,2830,2494,902,3
501,2121,1710,1327,1722,2270,699,886,2890,2496,899,3
502,2115,1708,1324,1723,2273,698,889,2923,2497,900,3
503,2122,1708,1326,1724,2273,699,888,2903,2496,900,3
504,2126,1710,1325,1724,2274,699,891,2827,2498,900,3
505,2125,1701,1326,1726,2272,702,890,2762,2498,901,3
506,2130,1703,1326,1728,2273,700,890,2779,2498,896,3
507,2128,1710,1326,1729,2273,701,885,2845,2498,901,3
508,2130,1706,1327,1728,2282,699,890,2899,2499,901,3
509,2130,1708,1326,1728,2274,700,891,2923,2499,901,3
510,2118,1706,1326,1729,2272,699,891,2889,2499,901,3
511,2126,1722,1327,1730,2272,700,893,2812,2500,902,3
512,2126,1698,1327,1731,2272,700,892,2761,2499,902,3
513,2132,1708,1325,1732,2275,699,891,2790,2498,901,3
514,2129,1712,1327,1733,2274,700,896,2864,2500,903,3
515,2126,1705,1326,1735,2274,700,899,2911,2494,903,3
516,2126,1705,1327,1733,2272,700,896,2924,2499,902,3
517,2128,1710,1326,1734,2274,700,898,2866,2499,904,3
518,2153,1708,1327,1735,2274,699,897,2792,2499,904,3
519,2128,1730,1326,1736,2274,700,902,2767,2501,903,3
520,2128,1714,1328,1736,2273,701,892,2806,2502,903,3
521,2143,1710,1327,1736,2273,700,899,2882,2502,902,3
522,2094,1705,1327,1738,2273,699,900,2922,2502,904,3
523,2124,1711,1326,1736,2274,699,902,2919,2502,903,3
524,2147,1710,1327,1740,2274,700,900,2850,2502,904,3
525,2134,1706,1327,1739,2273,700,899,2777,2502,903,3
526,2128,1712,1327,1739,2272,700,904,2771,2504,904,3
527,2130,1707,1326,1740,2273,700,900,2826,2504,906,3
528,2131,1712,1326,1741,2274,707,903,2896,2504,905,3
529,2116,1709,1325,1742,2272,700,905,2926,2503,906,3
530,2147,1712,1327,1742,2273,701,901,2907,2504,905,3
531,2125,1706,1327,1743,2270,700,902,2834,2504,906,3
532,2124,1711,1326,1742,2271,700,905,2773,2504,905,3
533,2126,1698,1328,1743,2274,700,905,2777,2505,906,3
534,2139,1708,1328,1743,2274,700,904,2850,2504,903,3
535,2132,1710,1326,1745,2272,699,904,2908,2506,905,3
536,2127,1710,1327,1743,2271,699,905,2930,2504,906,3
537,2142,1708,1326,1745,2272,700,904,2891,2505,908,3
538,2130,1706,1325,1745,2274,701,905,2818,2504,906,3
539,2132,1713,1327,1747,2274,700,906,2767,2506,906,3
540,2130,1719,1327,1746,2274,702,907,2793,2505,904,3
541,2121,1702,1328,1748,2273,699,908,2863,2506,906,3
542,2126,1719,1326,1750,2273,699,910,2918,2506,907,3
543,2134,1706,1326,1747,2274,698,907,2926,2507,907,3
544,2123,1709,1326,1750,2271,700,908,2875,2506,906,3
545,2120,1705,1327,1748,2273,701,907,2793,2507,907,3
546,2129,1708,1328,1750,2278,699,909,2764,2507,907,3
547,2130,1710,1327,1750,2271,698,910,2816,2506,907,3
548,2121,1708,1326,1749,2274,699,910,2889,2506,906,3
549,2130,1710,1327,1750,2273,698,910,2920,2507,907,3
550,2136,1710,1319,1749,2272,698,909,2920,2507,905,3
551,2129,1705,1326,1752,2273,699,912,2850,2507,908,3
552,2099,1706,1326,1752,2274,700,910,2780,2508,907,3
553,2122,1705,1327,1752,2270,699,911,2778,2509,908,3
554,2126,1702,1325,1753,2274,700,911,2830,2508,907,3
555,2138,1708,1327,1753,2272,701,909,2894,2509,907,3
556,2130,1711,1328,1752,2274,700,910,2923,2508,908,3
557,2130,1709,1325,1754,2273,701,911,2914,2507,908,3
558,2112,1707,1334,1754,2273,700,910,2836,2508,908,3
559,2122,1706,1327,1753,2272,701,913,2776,2509,907,3
560,2126,1706,1328,1754,2272,700,912,2782,2509,910,3
561,2147,1708,1328,1754,2272,699,912,2854,2509,908,3
562,2128,1720,1327,1754,2272,698,913,2914,2509,908,3
563,2130,1716,1326,1755,2274,709,912,2931,2508,908,3
564,2130,1710,1328,1754,2272,702,912,2900,2510,909,3
565,2125,1711,1327,1758,2273,700,913,2813,2509,909,3
566,2129,1718,1328,1755,2271,700,906,2766,2510,909,3
567,2141,1710,1327,1757,2273,700,914,2795,2509,910,3
568,2130,1708,1326,1756,2273,699,914,2867,2510,909,3
569,2127,1706,1327,1756,2272,701,910,2914,2511,909,3
570,2131,1712,1327,1758,2272,700,913,2930,2511,910,3
571,2133,1709,1327,1756,2272,700,915,2880,2510,911,3
572,2126,1711,1328,1757,2272,699,914,2798,2512,909,3
573,2129,1711,1326,1757,2274,701,914,2769,2511,914,3
574,2128,1715,1328,1758,2272,701,918,2813,2511,910,3
575,2148,1712,1327,1758,2272,701,915,2886,2511,910,3
576,2137,1709,1329,1758,2271,699,915,2926,2511,910,3
577,2126,1732,1327,1760,2274,698,918,2928,2512,910,3
578,2128,1729,1328,1759,2272,699,920,2861,2512,910,3
579,2130,1721,1328,1759,2273,700,915,2786,2511,909,3
580,2110,1707,1325,1758,2274,701,914,2779,2511,910,3
581,2113,1707,1327,1760,2274,700,915,2839,2512,911,3
582,2127,1712,1328,1761,2272,699,915,2898,2511,915,3
583,2130,1711,1328,1761,2275,699,916,2927,2512,913,3
584,2130,1713,1327,1763,2274,700,918,2913,2513,909,3
585,2122,1706,1328,1762,2272,699,916,2834,2514,911,3
586,2121,1704,1330,1763,2273,699,916,2770,2513,910,3
587,2127,1708,1327,1763,2274,698,915,2779,2514,911,3
588,2130,1708,1327,1763,2275,699,915,2854,2514,912,3
589,2131,1706,1328,1763,2277,699,918,2907,2513,910,3
590,2126,1720,1327,1763,2274,699,918,2930,2514,911,3
591,2128,1714,1327,1765,2274,699,916,2899,2514,911,3
592,2129,1708,1328,1766,2274,698,916,2819,2513,910,3
593,2130,1709,1328,1763,2274,699,915,2773,2514,911,3
594,2127,1710,1328,1766,2274,704,919,2802,2514,911,3
595,2118,1707,1336,1763,2273,701,915,2873,2513,910,3
596,2107,1706,1328,1766,2271,698,918,2922,2514,912,3
597,2125,1710,1327,1766,2273,699,917,2931,2514,912,3
598,2126,1707,1327,1766,2274,700,915,2882,2514,912,3
599,2120,1706,1328,1768,2275,700,918,2803,2514,911,3
600,2130,1714,1328,1768,2272,700,917,2770,2516,912,3
601,2126,1711,1328,1766,2272,699,917,2826,2515,912,3
602,2126,1704,1328,1768,2273,700,920,2888,2515,912,3
603,2130,1687,1330,1768,2274,699,911,2922,2515,912,3
604,2130,1710,1329,1767,2273,700,919,2923,2515,913,3
605,2129,1700,1328,1770,2274,700,918,2856,2515,911,3
606,2126,1691,1327,1768,2274,700,911,2780,2515,910,3
607,2123,1706,1327,1768,2272,700,917,2779,2517,911,3
608,2127,1699,1330,1769,2274,700,919,2834,2516,914,3
609,2130,1687,1328,1770,2273,700,922,2898,2515,913,3
610,2123,1706,1328,1769,2273,700,919,2928,2516,913,3
611,2128,1695,1328,1770,2272,699,918,2914,2516,912,3
612,2118,1703,1327,1770,2273,699,918,2832,2518,912,3
613,2125,1701,1326,1770,2274,699,919,2773,2514,913,3
614,2130,1702,1330,1770,2273,699,920,2783,2517,911,3
615,2124,1707,1328,1769,2274,699,920,2856,2515,912,3
616,2130,1695,1328,1771,2273,700,913,2910,2516,912,3
617,2121,1706,1328,1771,2273,700,922,2928,2516,913,3
618,2127,1692,1328,1770,2274,699,914,2898,2516,912,3
619,2126,1707,1329,1771,2273,700,920,2823,2517,914,3
620,2126,1694,1328,1772,2274,700,918,2773,2516,913,3
621,2128,1710,1328,1771,2273,700,919,2806,2517,913,3
622,2126,1689,1329,1771,2274,700,918,2872,2517,914,3
623,2126,1707,1328,1771,2275,699,921,2928,2518,913,3
624,2110,1706,1329,1774,2274,700,922,2933,2516,912,3
625,2123,1706,1327,1771,2272,702,920,2880,2518,913,3
626,2102,1707,1328,1771,2274,700,918,2802,2517,914,3
627,2119,1707,1327,1772,2274,701,922,2776,2518,913,3
628,2134,1712,1328,1774,2275,702,918,2824,2518,913,3
629,2130,1716,1329,1773,2273,701,919,2894,2518,913,3
630,2136,1710,1329,1773,2274,702,921,2931,2518,913,3
631,2126,1706,1327,1774,2272,700,919,2931,2518,908,3
632,2130,1716,1328,1771,2271,701,922,2861,2518,914,3
633,2126,1706,1330,1772,2274,700,920,2778,2519,914,3
634,2142,1708,1318,1775,2272,700,919,2778,2518,913,3
635,2133,1706,1330,1773,2276,701,920,2838,2518,914,3
636,2122,1708,1329,1776,2272,699,919,2902,2518,914,3
637,2146,1710,1327,1774,2271,701,922,2928,2518,914,3
638,2123,1704,1328,1775,2273,701,920,2914,2518,914,3
639,2130,1714,1328,1774,2274,701,921,2842,2519,913,3
640,2127,1708,1329,1775,2274,702,919,2772,2519,913,3
641,2122,1706,1328,1776,2272,701,921,2792,2518,914,3
642,2129,1707,1329,1776,2274,699,922,2866,2519,914,3
643,2091,1705,1330,1775,2273,699,921,2918,2520,914,3
644,2130,1720,1330,1776,2273,699,927,2934,2519,914,3
645,2129,1712,1328,1776,2272,701,921,2902,2520,914,3
646,2128,1705,1330,1775,2271,699,921,2814,2519,914,3
647,2130,1706,1330,1775,2272,700,921,2767,2520,914,3
648,2139,1708,1328,1778,2274,699,922,2802,2518,914,3
649,2129,1699,1328,1783,2273,700,920,2871,2519,914,3
650,2127,1701,1328,1778,2274,701,922,2920,2519,915,3
651,2126,1710,1328,1777,2274,700,922,2936,2520,914,3
652,2126,1710,1329,1777,2272,700,923,2885,2520,913,3
653,2114,1705,1329,1776,2274,699,922,2803,2520,915,3
654,2128,1720,1329,1778,2273,701,923,2778,2520,915,3
655,2131,1715,1328,1780,2274,700,923,2824,2520,915,3
656,2127,1706,1330,1778,2274,699,921,2890,2520,914,3
657,2127,1706,1330,1778,2274,700,922,2925,2520,915,3
658,2122,1705,1329,1779,2272,699,923,2926,2520,914,3
659,2128,1709,1330,1779,2273,701,923,2856,2520,915,3
660,2129,1711,1329,1779,2274,699,924,2779,2521,915,3
661,2114,1709,1328,1778,2274,699,923,2786,2522,914,3
662,2112,1706,1339,1779,2274,699,923,2842,2520,914,3
663,2132,1718,1330,1774,2274,699,923,2905,2522,915,3
664,2129,1707,1330,1782,2277,700,923,2927,2520,915,3
665,2130,1708,1330,1779,2272,699,922,2914,2521,914,3
666,2122,1699,1330,1779,2271,699,924,2835,2521,915,3
667,2123,1702,1329,1779,2270,700,922,2775,2521,913,3
668,2130,1710,1330,1780,2274,697,922,2791,2522,914,3
669,2132,1707,1329,1779,2274,699,920,2860,2521,913,3
670,2134,1708,1329,1780,2272,699,920,2916,2522,915,3
671,2130,1705,1330,1779,2274,698,921,2930,2521,914,3
672,2129,1702,1330,1781,2274,699,924,2896,2522,916,3
673,2122,1706,1330,1780,2274,699,924,2820,2522,914,3
674,2126,1706,1330,1780,2274,699,923,2778,2522,914,3
675,2128,1710,1329,1779,2274,699,922,2806,2522,914,3
676,2134,1708,1330,1781,2274,697,924,2874,2522,916,3
677,2134,1710,1329,1782,2273,697,923,2926,2522,914,3
678,2127,1707,1330,1781,2274,697,923,2928,2522,915,3
679,2122,1702,1330,1782,2274,697,923,2876,2522,915,3
680,2128,1703,1328,1782,2274,699,923,2796,2522,914,3
681,2123,1707,1330,1782,2270,698,923,2779,2522,916,3
682,2119,1708,1329,1781,2274,698,924,2825,2523,914,3
683,2131,1719,1330,1776,2274,698,925,2893,2522,915,3
684,2136,1705,1326,1782,2274,699,922,2926,2522,914,3
685,2142,1708,1330,1784,2272,700,926,2927,2523,915,3
686,2125,1711,1328,1783,2274,700,925,2860,2522,920,3
687,2127,1707,1330,1782,2273,700,925,2795,2523,916,3
688,2138,1712,1328,1784,2274,699,922,2784,2522,916,3
689,2128,1706,1330,1783,2273,700,925,2834,2523,916,3
690,2132,1704,1330,1782,2276,700,924,2899,2522,915,3
691,2128,1701,1328,1784,2272,700,926,2931,2523,916,3
692,2129,1689,1330,1784,2273,699,926,2917,2522,916,3
693,2113,1705,1330,1784,2274,699,923,2842,2522,915,3
694,2125,1702,1329,1786,2273,698,923,2778,2523,917,3
695,2131,1705,1330,1784,2273,700,920,2782,2524,915,3
696,2127,1704,1329,1784,2274,696,925,2858,2523,915,3
697,2130,1701,1329,1784,2272,698,922,2912,2523,916,3
698,2116,1706,1337,1784,2274,698,923,2934,2523,915,3
699,2126,1704,1330,1782,2274,699,923,2904,2524,914,3
700,2128,1704,1330,1784,2274,698,925,2826,2523,915,3
701,2122,1702,1330,1786,2274,691,926,2770,2523,916,3
702,2127,1697,1330,1785,2274,697,922,2799,2523,916,3
703,2112,1705,1328,1785,2275,699,923,2878,2522,915,3
704,2129,1706,1328,1787,2274,698,926,2926,2523,916,3
705,2131,1709,1329,1784,2274,699,926,2929,2523,917,3
706,2123,1699,1329,1786,2274,697,925,2880,2523,916,3
707,2127,1715,1330,1786,2274,700,928,2802,2525,917,3
708,2134,1707,1330,1787,2274,699,923,2777,2524,916,3
709,2130,1704,1330,1786,2274,700,926,2817,2523,916,3
710,2134,1706,1323,1786,2271,699,924,2888,2524,916,3
711,2130,1714,1330,1787,2274,699,925,2927,2524,917,3
712,2126,1710,1330,1788,2272,698,927,2934,2524,917,3
713,2130,1714,1327,1782,2274,698,923,2864,2525,916,3
714,2142,1706,1331,1785,2274,699,923,2785,2523,916,3
715,2124,1707,1329,1784,2274,698,924,2778,2524,916,3
716,2127,1710,1329,1786,2274,698,923,2843,2525,916,3
717,2107,1707,1330,1788,2274,698,925,2904,2524,917,3
718,2127,1702,1330,1786,2274,698,923,2929,2526,917,3
719,2127,1700,1332,1787,2274,699,923,2917,2525,915,3
720,2125,1711,1330,1787,2275,700,924,2835,2526,916,3
