timestamp,S1,S2,S3,S4,S5,S6,S7,S8,S9,S10,Flag
1,1781,1416,1105,1845,1810,603,874,2793,2240,854,0
2,1771,1411,1105,1845,1808,602,876,2870,2243,853,0
3,1778,1420,1106,1847,1808,603,878,2921,2243,853,0
4,1758,1411,1104,1846,1807,603,876,2912,2242,854,0
5,1782,1412,1105,1848,1806,602,875,2797,2243,853,0
6,1777,1414,1105,1847,1812,602,875,2755,2243,853,0
7,1771,1408,1105,1847,1807,604,876,2799,2242,854,0
8,1774,1417,1104,1845,1807,604,875,2876,2242,853,0
9,1756,1411,1106,1846,1808,603,875,2928,2243,853,0
10,1772,1411,1106,1846,1806,604,874,2905,2243,853,0
11,1776,1416,1104,1848,1807,604,878,2816,2243,854,0
12,1773,1417,1105,1848,1806,604,876,2756,2243,854,0
13,1749,1411,1104,1847,1810,603,875,2784,2242,854,0
14,1776,1435,1104,1847,1808,604,875,2856,2243,854,0
15,1776,1408,1104,1846,1808,603,872,2916,2243,851,0
16,1790,1416,1106,1848,1806,602,874,2923,2243,854,0
17,1786,1412,1106,1848,1807,601,874,2869,2244,854,0
18,1775,1398,1105,1848,1808,604,872,2787,2243,854,0
19,1768,1411,1106,1846,1808,604,874,2764,2243,853,0
20,1770,1414,1105,1847,1807,604,874,2816,2243,853,0
21,1778,1419,1104,1848,1808,602,874,2891,2244,853,1
22,1779,1427,1103,1850,1807,603,875,2928,2243,854,1
23,1779,1415,1105,1849,1811,604,875,2910,2244,854,1
24,1773,1412,1105,1849,1808,603,874,2833,2245,854,1
25,1800,1416,1105,1848,1807,603,874,2763,2242,853,1
26,1772,1402,1104,1848,1808,604,876,2774,2243,854,1
27,1770,1411,1104,1850,1808,602,874,2851,2243,855,1
28,1775,1404,1103,1849,1807,605,875,2906,2244,854,1
29,1778,1419,1104,1850,1807,602,877,2923,2245,854,1
30,1775,1405,1105,1848,1806,604,874,2884,2242,853,1
31,1773,1392,1105,1850,1808,603,871,2795,2243,854,1
32,1770,1409,1105,1849,1808,603,877,2758,2245,855,1
33,1769,1409,1105,1852,1807,600,879,2802,2245,854,1
34,1775,1403,1104,1851,1808,603,875,2882,2243,853,1
35,1798,1416,1106,1854,1807,603,877,2920,2246,854,1
36,1810,1418,1104,1854,1807,603,876,2922,2240,854,1
37,1777,1411,1106,1853,1807,602,877,2843,2246,855,1
38,1776,1415,1104,1858,1808,604,879,2768,2245,856,1
39,1780,1415,1106,1858,1812,604,880,2771,2246,855,1
40,1775,1426,1105,1851,1808,604,879,2846,2246,856,1
41,1778,1426,1106,1861,1807,603,882,2908,2246,855,1
42,1763,1415,1104,1861,1810,605,882,2932,2246,857,1
43,1760,1412,1103,1864,1810,604,883,2905,2246,858,1
44,1763,1414,1105,1865,1810,602,882,2822,2246,857,1
45,1777,1422,1105,1866,1808,604,887,2766,2248,858,1
46,1776,1400,1106,1870,1807,603,879,2796,2249,859,1
47,1798,1413,1107,1870,1808,603,889,2874,2249,861,1
48,1792,1418,1104,1872,1807,604,886,2921,2248,859,1
49,1787,1417,1105,1875,1808,602,888,2929,2248,860,1
50,1783,1426,1105,1875,1808,603,891,2872,2248,861,1
51,1782,1421,1106,1877,1808,603,893,2794,2250,863,1
52,1774,1414,1107,1880,1806,602,896,2784,2251,862,1
53,1775,1418,1106,1883,1810,604,898,2840,2251,864,1
54,1778,1420,1107,1882,1808,604,899,2900,2251,865,1
55,1818,1419,1107,1889,1808,602,899,2931,2251,864,1
56,1795,1417,1106,1890,1810,605,901,2915,2252,865,1
57,1780,1429,1107,1891,1810,604,910,2843,2254,866,1
58,1780,1423,1106,1894,1809,604,906,2785,2253,868,1
59,1784,1419,1106,1897,1809,604,907,2802,2254,868,1
60,1782,1416,1106,1899,1809,604,911,2865,2255,869,1
61,1778,1422,1106,1901,1810,605,914,2924,2254,870,1
62,1794,1416,1109,1904,1810,603,914,2934,2256,870,1
63,1783,1415,1106,1907,1818,604,914,2888,2256,872,1
64,1781,1416,1107,1909,1809,604,914,2814,2257,871,1
65,1785,1417,1107,1912,1809,602,920,2795,2257,872,1
66,1763,1414,1107,1914,1810,603,921,2838,2258,873,1
67,1779,1404,1107,1917,1810,603,922,2901,2259,872,1
68,1774,1411,1107,1922,1810,605,926,2934,2258,874,1
69,1805,1419,1107,1922,1810,604,925,2930,2259,873,1
70,1781,1434,1107,1928,1810,604,930,2867,2259,874,1
71,1786,1421,1107,1927,1811,606,930,2802,2261,874,1
72,1780,1422,1108,1930,1810,603,934,2807,2260,874,1
73,1782,1423,1107,1931,1810,605,926,2867,2261,876,1
74,1790,1415,1109,1933,1809,605,935,2923,2262,875,1
75,1781,1418,1109,1935,1810,604,936,2937,2262,876,1
76,1783,1413,1106,1937,1812,605,944,2916,2262,877,1
77,1773,1417,1107,1939,1812,605,938,2842,2263,878,1
78,1784,1418,1108,1939,1812,604,939,2802,2264,878,1
79,1812,1418,1109,1941,1810,604,943,2832,2264,879,1
80,1788,1417,1110,1944,1811,605,943,2898,2264,879,1
81,1783,1416,1110,1944,1811,603,942,2944,2266,879,1
82,1767,1418,1108,1945,1812,604,946,2946,2266,881,1
83,1778,1419,1109,1947,1811,604,946,2886,2266,880,1
84,1786,1423,1108,1950,1811,603,950,2810,2266,880,1
85,1796,1417,1110,1950,1811,604,946,2806,2266,880,1
86,1784,1416,1110,1951,1812,603,949,2865,2267,881,1
87,1750,1418,1108,1953,1814,605,948,2928,2266,881,1
88,1777,1418,1108,1954,1814,604,953,2952,2267,882,1
89,1785,1423,1109,1954,1814,604,950,2929,2268,880,1
90,1805,1422,1109,1955,1811,604,951,2851,2268,882,1
91,1787,1418,1111,1956,1814,603,954,2802,2269,882,1
92,1800,1419,1110,1958,1814,604,956,2834,2269,882,1
93,1775,1418,1109,1959,1814,604,954,2899,2269,882,1
94,1785,1422,1110,1960,1814,604,955,2951,2269,882,1
95,1805,1420,1110,1961,1812,604,955,2949,2270,883,1
96,1786,1419,1111,1961,1815,604,957,2891,2270,883,1
97,1750,1417,1109,1961,1814,605,955,2827,2270,882,1
98,1775,1417,1110,1963,1814,605,958,2812,2271,884,1
99,1786,1423,1111,1962,1814,606,960,2858,2271,883,1
100,1785,1422,1110,1963,1814,605,960,2915,2270,883,1
101,1788,1400,1111,1963,1816,606,955,2949,2270,882,1
102,1787,1420,1110,1965,1814,605,960,2931,2270,882,1
103,1790,1417,1112,1964,1814,604,957,2866,2273,883,1
104,1788,1426,1111,1965,1814,604,957,2808,2272,884,1
105,1786,1423,1112,1965,1815,604,961,2818,2272,883,1
106,1789,1406,1111,1963,1815,606,956,2886,2271,882,1
107,1787,1417,1112,1966,1814,606,954,2934,2271,882,1
108,1788,1437,1112,1965,1815,603,957,2952,2272,882,1
109,1793,1421,1110,1963,1816,604,954,2905,2271,881,1
110,1786,1422,1112,1963,1815,604,956,2826,2272,882,1
111,1784,1415,1113,1961,1814,604,953,2800,2271,881,1
112,1790,1419,1113,1962,1814,606,953,2846,2271,880,1
113,1793,1430,1112,1960,1814,606,950,2913,2272,882,1
114,1767,1421,1112,1959,1816,604,949,2950,2270,880,1
115,1786,1408,1114,1958,1816,605,948,2936,2270,880,1
116,1784,1419,1112,1955,1815,605,947,2866,2272,880,1
117,1793,1439,1112,1954,1815,605,948,2801,2270,880,1
118,1796,1423,1112,1951,1815,606,940,2802,2270,878,1
119,1778,1419,1110,1949,1817,605,943,2874,2270,878,1
120,1786,1418,1111,1946,1816,603,940,2926,2270,878,1
121,1807,1424,1112,1944,1816,606,937,2941,2269,879,2
122,1797,1425,1114,1942,1816,614,934,2909,2269,878,2
123,1761,1417,1112,1939,1816,606,933,2825,2268,878,2
124,1786,1421,1111,1936,1812,605,930,2784,2267,879,2
125,1823,1423,1112,1933,1816,606,928,2822,2269,877,2
126,1798,1422,1113,1932,1816,605,925,2895,2268,877,2
127,1800,1423,1112,1928,1818,605,923,2940,2272,877,2
128,1778,1424,1113,1926,1816,606,922,2941,2267,876,2
129,1792,1426,1113,1923,1815,606,920,2861,2266,876,2
130,1803,1423,1107,1921,1816,606,919,2783,2267,875,2
131,1787,1421,1112,1918,1817,606,915,2790,2266,875,2
132,1768,1419,1112,1915,1816,605,914,2858,2266,874,2
133,1788,1424,1114,1912,1815,606,911,2920,2266,875,2
134,1789,1403,1112,1910,1816,606,906,2932,2265,875,2
135,1794,1422,1114,1909,1816,605,906,2904,2265,874,2
136,1789,1435,1113,1905,1816,604,912,2822,2265,874,2
137,1784,1420,1112,1904,1818,606,906,2770,2265,874,2
138,1787,1427,1112,1899,1816,607,902,2799,2264,872,2
139,1787,1419,1113,1899,1815,606,901,2880,2264,873,2
140,1795,1419,1113,1898,1816,606,898,2930,2264,872,2
141,1794,1429,1114,1896,1816,606,896,2934,2264,873,2
142,1787,1423,1114,1892,1816,606,896,2858,2262,875,2
143,1787,1416,1113,1890,1818,608,892,2774,2262,872,2
144,1814,1425,1113,1889,1816,606,890,2767,2263,871,2
145,1797,1431,1113,1888,1816,605,890,2835,2261,871,2
146,1756,1417,1114,1886,1818,606,887,2906,2262,871,2
147,1787,1410,1114,1892,1818,605,886,2931,2262,871,2
148,1785,1422,1112,1880,1817,606,883,2910,2259,870,2
149,1796,1424,1114,1881,1814,606,883,2817,2261,869,2
150,1796,1423,1113,1880,1817,605,881,2758,2266,871,2
151,1784,1419,1113,1876,1818,606,880,2786,2262,870,2
152,1787,1420,1114,1876,1817,605,879,2861,2259,870,2
153,1803,1422,1111,1874,1818,606,875,2915,2259,867,2
154,1794,1425,1114,1877,1821,606,878,2926,2259,869,2
155,1799,1427,1116,1875,1822,609,878,2864,2258,868,2
156,1802,1427,1115,1871,1822,609,874,2778,2258,869,2
157,1802,1430,1115,1866,1823,609,874,2755,2259,870,2
158,1802,1425,1114,1863,1822,609,871,2812,2258,867,2
159,1798,1426,1115,1862,1822,608,871,2890,2258,866,2
160,1800,1426,1116,1858,1821,608,868,2924,2258,868,2
161,1803,1428,1115,1853,1821,607,864,2912,2257,867,2
162,1798,1424,1115,1850,1821,606,862,2821,2258,866,2
163,1802,1425,1114,1846,1819,609,862,2742,2256,866,2
164,1798,1424,1114,1844,1819,607,860,2763,2255,865,2
165,1800,1430,1114,1841,1820,608,856,2846,2254,863,2
166,1802,1427,1115,1837,1821,607,853,2909,2255,862,2
167,1797,1426,1113,1835,1820,608,851,2923,2252,864,2
168,1804,1424,1114,1831,1819,609,848,2866,2254,859,2
169,1797,1426,1113,1829,1819,608,846,2766,2253,859,2
170,1797,1425,1115,1825,1819,610,844,2730,2253,859,2
171,1801,1424,1115,1822,1819,606,840,2787,2254,859,2
172,1803,1425,1114,1818,1819,607,838,2871,2251,858,2
173,1800,1427,1115,1818,1818,609,835,2915,2251,859,2
174,1801,1427,1113,1812,1819,610,832,2912,2249,856,2
175,1797,1426,1113,1810,1818,608,828,2809,2249,856,2
176,1798,1426,1114,1807,1819,609,825,2723,2248,858,2
177,1800,1426,1113,1804,1819,607,822,2738,2246,856,2
178,1798,1426,1114,1800,1818,609,822,2824,2247,856,2
179,1802,1424,1113,1799,1818,608,818,2894,2247,855,2
180,1798,1426,1115,1795,1819,608,816,2915,2246,854,2
181,1800,1423,1114,1793,1818,605,813,2866,2246,854,2
182,1802,1424,1114,1788,1818,606,811,2753,2246,853,2
183,1798,1425,1113,1784,1818,608,810,2703,2244,852,2
184,1801,1425,1113,1783,1816,608,807,2762,2243,851,2
185,1797,1423,1112,1780,1817,608,803,2854,2244,850,2
186,1798,1424,1114,1779,1818,606,801,2904,2243,851,2
187,1800,1423,1112,1775,1818,606,799,2904,2242,851,2
188,1796,1424,1113,1771,1816,607,795,2802,2241,850,2
189,1800,1423,1112,1770,1816,606,794,2710,2241,848,2
190,1799,1426,1113,1770,1816,608,792,2712,2240,849,2
191,1797,1422,1113,1766,1818,605,791,2799,2240,849,2
192,1795,1426,1113,1763,1818,606,787,2875,2238,846,2
193,1795,1425,1111,1759,1817,607,784,2904,2236,845,2
194,1796,1424,1113,1758,1816,606,784,2868,2235,846,2
195,1798,1426,1112,1756,1815,608,780,2745,2235,846,2
196,1795,1422,1112,1754,1816,606,779,2685,2235,846,2
197,1795,1425,1112,1750,1817,607,778,2732,2235,846,2
198,1794,1423,1110,1750,1815,607,776,2830,2232,844,2
199,1796,1423,1112,1747,1815,606,774,2891,2232,844,2
200,1793,1422,1111,1743,1815,608,772,2897,2233,844,2
201,1794,1426,1111,1742,1816,607,770,2806,2231,842,2
202,1798,1421,1112,1740,1816,606,768,2703,2231,842,2
203,1794,1425,1111,1738,1816,606,769,2691,2231,840,2
204,1799,1426,1112,1737,1814,608,764,2775,2230,842,2
205,1792,1422,1111,1735,1814,606,763,2862,2229,841,2
206,1794,1423,1111,1733,1815,606,761,2895,2228,839,2
207,1795,1423,1110,1730,1816,608,759,2872,2228,838,2
208,1793,1423,1111,1728,1814,607,758,2750,2227,838,2
209,1795,1426,1112,1725,1814,606,757,2675,2227,837,2
210,1795,1423,1112,1724,1814,608,756,2712,2226,838,2
211,1794,1421,1110,1722,1815,604,754,2816,2226,838,2
212,1789,1421,1112,1720,1814,605,752,2881,2226,838,2
213,1789,1423,1109,1720,1814,606,751,2893,2224,838,2
214,1792,1426,1110,1715,1813,606,747,2817,2225,836,2
215,1794,1424,1110,1715,1813,605,748,2702,2223,838,2
216,1787,1424,1110,1714,1814,606,746,2672,2222,836,2
217,1788,1421,1111,1712,1814,605,744,2748,2223,835,2
218,1788,1422,1109,1710,1814,606,744,2843,2221,835,2
219,1790,1422,1109,1707,1814,604,742,2890,2221,834,2
220,1794,1424,1110,1708,1814,608,742,2880,2221,834,2
221,1787,1422,1108,1706,1815,606,740,2758,2219,834,2
222,1789,1419,1109,1704,1814,605,740,2669,2219,834,2
223,1787,1421,1109,1704,1814,608,738,2693,2219,834,2
224,1790,1420,1108,1701,1814,606,736,2790,2218,834,2
225,1794,1426,1110,1701,1812,608,736,2866,2217,833,2
226,1789,1421,1109,1697,1814,606,734,2890,2218,830,2
227,1787,1419,1108,1694,1814,606,733,2832,2216,830,2
228,1787,1421,1109,1697,1812,607,733,2707,2217,830,2
229,1789,1422,1108,1693,1812,606,730,2662,2216,832,2
230,1787,1422,1109,1693,1811,608,729,2727,2216,829,2
231,1794,1420,1110,1691,1813,605,730,2827,2214,829,2
232,1791,1421,1107,1690,1811,605,729,2878,2214,828,2
233,1790,1422,1108,1688,1812,606,728,2882,2214,830,2
234,1786,1419,1108,1685,1814,608,725,2770,2213,828,2
235,1786,1422,1109,1686,1811,606,726,2671,2214,827,2
236,1792,1419,1110,1686,1814,605,725,2676,2212,827,2
237,1790,1419,1108,1684,1812,605,725,2771,2212,826,2
238,1790,1422,1107,1683,1811,606,722,2854,2211,828,2
239,1786,1421,1107,1682,1811,604,722,2887,2211,827,2
240,1785,1418,1109,1680,1812,604,721,2848,2210,826,2
241,1787,1417,1107,1679,1812,604,721,2718,2210,826,2
242,1790,1419,1108,1678,1811,604,719,2650,2210,826,2
243,1787,1419,1107,1678,1811,605,719,2701,2208,826,2
244,1789,1419,1106,1675,1812,606,717,2810,2208,825,2
245,1785,1420,1108,1675,1810,604,716,2872,2207,825,2
246,1786,1419,1106,1674,1811,605,717,2882,2206,824,2
247,1790,1417,1108,1674,1811,605,716,2786,2207,824,2
248,1787,1419,1107,1673,1810,605,716,2677,2205,825,2
249,1789,1417,1107,1672,1811,606,712,2662,2205,823,2
250,1790,1421,1107,1670,1810,604,714,2746,2205,824,2
251,1787,1419,1107,1668,1811,605,713,2842,2205,822,2
252,1784,1422,1107,1668,1810,606,713,2878,2203,822,2
253,1784,1419,1105,1668,1810,605,712,2859,2203,824,2
254,1786,1418,1106,1667,1810,606,710,2733,2203,822,2
255,1787,1421,1105,1666,1810,606,711,2651,2202,822,2
256,1785,1419,1107,1664,1810,605,709,2685,2203,821,2
257,1784,1420,1106,1664,1810,605,710,2794,2201,821,2
258,1785,1420,1105,1663,1810,605,708,2859,2201,822,2
259,1784,1422,1106,1659,1809,605,707,2880,2202,821,2
260,1787,1419,1105,1661,1810,604,707,2807,2201,820,2
261,1784,1419,1106,1658,1810,603,707,2688,2201,821,2
262,1782,1417,1106,1657,1811,604,707,2649,2200,821,2
263,1783,1419,1105,1658,1810,605,706,2723,2199,820,2
264,1784,1419,1106,1656,1809,604,706,2826,2200,818,2
265,1786,1416,1104,1655,1810,604,706,2874,2198,819,2
266,1781,1419,1106,1656,1809,604,705,2869,2200,819,2
267,1780,1415,1106,1654,1810,604,701,2750,2198,819,2
268,1782,1418,1105,1654,1808,605,701,2654,2198,818,2
269,1783,1419,1105,1653,1810,604,702,2671,2197,818,2
270,1781,1422,1106,1651,1808,604,700,2773,2197,817,2
271,1784,1418,1103,1652,1810,605,701,2851,2195,818,2
272,1785,1419,1103,1650,1810,603,699,2882,2195,818,2
273,1784,1416,1103,1648,1808,604,700,2827,2195,818,2
274,1779,1417,1105,1647,1809,606,699,2702,2196,817,2
275,1780,1418,1105,1650,1808,604,697,2646,2195,817,2
276,1782,1416,1103,1647,1807,605,697,2703,2194,816,2
277,1782,1417,1104,1648,1808,604,698,2809,2194,817,2
278,1784,1418,1104,1645,1807,606,696,2867,2194,815,2
279,1778,1417,1104,1645,1808,604,697,2874,2193,816,2
280,1782,1414,1102,1643,1807,603,696,2769,2194,817,2
281,1776,1418,1103,1644,1807,605,696,2665,2192,818,2
282,1778,1414,1104,1643,1808,603,695,2658,2193,816,2
283,1779,1416,1103,1643,1807,604,696,2747,2192,816,2
284,1779,1419,1103,1642,1807,604,694,2840,2191,815,2
285,1782,1416,1103,1641,1806,605,693,2875,2191,814,2
286,1777,1418,1103,1641,1807,603,694,2846,2191,814,2
287,1777,1418,1103,1641,1808,605,694,2719,2190,814,2
288,1775,1413,1103,1641,1807,604,694,2642,2192,815,2
289,1778,1415,1102,1640,1806,603,694,2684,2190,816,2
290,1778,1417,1104,1638,1806,604,692,2796,2189,814,2
291,1780,1415,1103,1640,1807,603,693,2859,2190,816,2
292,1779,1417,1103,1638,1808,605,693,2875,2190,814,2
293,1779,1417,1102,1635,1808,604,693,2792,2188,815,2
294,1775,1415,1102,1637,1807,604,692,2678,2190,814,2
295,1775,1414,1104,1638,1805,604,693,2649,2190,813,2
296,1779,1415,1101,1636,1808,603,690,2728,2187,812,2
297,1779,1414,1103,1636,1807,604,691,2827,2188,813,2
298,1778,1416,1102,1633,1806,604,690,2870,2187,814,2
299,1775,1416,1102,1634,1805,604,689,2863,2187,813,2
300,1778,1416,1101,1635,1805,604,689,2740,2187,812,2
301,1776,1413,1103,1634,1807,603,690,2648,2187,812,2
302,1774,1414,1102,1634,1806,603,689,2672,2187,813,2
303,1778,1416,1103,1633,1806,604,687,2772,2187,811,2
304,1777,1414,1101,1632,1806,603,688,2849,2186,812,2
305,1776,1415,1102,1630,1805,603,688,2875,2186,813,2
306,1774,1413,1102,1630,1806,603,688,2817,2185,812,2
307,1774,1413,1101,1630,1805,603,687,2690,2186,811,2
308,1774,1413,1102,1630,1804,604,687,2640,2185,811,2
309,1777,1412,1100,1627,1804,604,687,2706,2185,812,2
310,1774,1414,1100,1629,1803,604,685,2810,2184,811,2
311,1776,1417,1100,1627,1806,603,688,2866,2183,810,2
312,1773,1412,1102,1627,1805,602,687,2866,2184,811,2
313,1776,1414,1102,1627,1804,604,687,2758,2183,811,2
314,1774,1416,1102,1628,1804,603,685,2656,2183,809,2
315,1774,1414,1100,1626,1803,604,684,2658,2184,810,2
316,1776,1414,1102,1626,1805,602,685,2750,2184,810,2
317,1772,1412,1102,1625,1805,603,686,2838,2183,810,2
318,1776,1412,1100,1626,1804,602,686,2870,2183,811,2
319,1774,1415,1101,1626,1805,603,685,2835,2182,811,2
320,1771,1412,1100,1624,1805,603,684,2708,2181,809,2
321,1771,1410,1100,1624,1803,603,686,2638,2181,810,3
322,1774,1410,1100,1624,1804,602,685,2683,2181,810,3
323,1770,1414,1100,1622,1805,603,684,2795,2179,808,3
324,1775,1411,1100,1622,1803,603,684,2856,2181,810,3
325,1770,1412,1100,1623,1803,602,683,2869,2181,809,3
326,1771,1411,1100,1624,1803,601,686,2782,2181,809,3
327,1772,1410,1100,1624,1803,602,683,2670,2180,809,3
328,1770,1414,1099,1622,1804,603,684,2646,2180,808,3
329,1774,1408,1100,1620,1803,602,682,2729,2178,810,3
330,1774,1411,1098,1620,1803,603,683,2827,2178,808,3
331,1770,1410,1100,1620,1803,602,684,2868,2179,808,3
332,1763,1408,1096,1615,1798,601,683,2854,2178,809,3
333,1734,1400,1094,1616,1797,601,682,2730,2179,811,3
334,1758,1391,1096,1619,1797,600,682,2643,2179,808,3
335,1736,1402,1096,1622,1798,601,681,2673,2178,807,3
336,1741,1401,1096,1626,1797,600,682,2780,2184,808,3
337,1765,1402,1098,1630,1798,600,682,2845,2178,810,3
338,1762,1410,1095,1636,1798,601,690,2877,2178,809,3
339,1753,1404,1098,1639,1800,601,682,2811,2178,809,3
340,1774,1403,1097,1645,1798,602,684,2688,2178,808,3
341,1760,1402,1096,1652,1798,601,687,2650,2177,810,3
342,1762,1425,1096,1658,1799,600,690,2715,2179,810,3
343,1770,1404,1097,1666,1800,602,692,2816,2178,811,3
344,1763,1398,1098,1674,1799,600,691,2872,2179,811,3
345,1748,1403,1097,1682,1799,602,695,2870,2180,810,3
346,1763,1402,1097,1690,1800,601,698,2774,2180,811,3
347,1764,1398,1098,1698,1800,600,699,2675,2180,813,3
348,1768,1404,1098,1704,1801,601,702,2686,2179,812,3
349,1762,1402,1100,1710,1800,601,704,2768,2180,812,3
350,1770,1400,1099,1714,1800,600,705,2851,2181,811,3
351,1770,1412,1098,1718,1802,602,707,2880,2180,811,3
352,1766,1403,1100,1719,1802,601,710,2854,2180,813,3
353,1768,1404,1098,1722,1800,601,710,2741,2181,814,3
354,1766,1426,1100,1720,1801,602,710,2669,2182,812,3
355,1774,1410,1099,1723,1801,602,710,2708,2182,812,3
356,1770,1411,1098,1721,1802,601,714,2806,2182,813,3
357,1771,1418,1100,1722,1801,600,714,2876,2182,814,3
358,1763,1404,1098,1720,1802,601,714,2885,2182,814,3
359,1772,1409,1110,1718,1800,602,711,2803,2182,813,3
360,1778,1408,1100,1715,1800,605,715,2707,2182,813,3
361,1771,1410,1099,1714,1801,600,718,2678,2182,813,3
362,1765,1403,1100,1711,1800,601,718,2755,2182,815,3
363,1787,1411,1099,1711,1802,601,718,2844,2181,814,3
364,1778,1408,1099,1707,1800,602,717,2880,2181,813,3
365,1771,1418,1100,1706,1800,601,719,2873,2182,814,3
366,1770,1403,1100,1706,1800,600,720,2766,2182,815,3
367,1769,1403,1100,1693,1801,601,720,2683,2183,815,3
368,1768,1406,1099,1702,1810,601,720,2707,2182,814,3
369,1754,1408,1100,1698,1801,603,720,2795,2183,814,3
370,1774,1416,1101,1697,1801,602,721,2867,2183,814,3
371,1770,1400,1100,1694,1800,600,724,2882,2184,816,3
372,1781,1411,1099,1696,1801,600,724,2831,2182,815,3
373,1768,1403,1101,1691,1800,602,722,2722,2182,814,3
374,1768,1408,1100,1690,1800,602,724,2682,2183,815,3
375,1761,1409,1100,1690,1800,602,724,2737,2185,814,3
376,1771,1386,1099,1690,1801,601,726,2830,2182,816,3
377,1782,1411,1100,1688,1802,601,727,2883,2184,815,3
378,1771,1405,1098,1688,1801,601,726,2885,2184,816,3
379,1774,1409,1100,1687,1802,602,727,2788,2184,815,3
380,1771,1428,1100,1688,1800,602,729,2699,2185,817,3
381,1774,1408,1100,1688,1800,601,730,2702,2185,817,3
382,1774,1405,1100,1688,1801,600,732,2786,2184,817,3
383,1766,1409,1099,1686,1802,601,730,2852,2184,812,3
384,1770,1413,1099,1686,1800,600,731,2886,2186,817,3
385,1747,1408,1099,1688,1801,600,733,2853,2186,816,3
386,1773,1408,1099,1688,1801,601,736,2746,2186,818,3
387,1766,1410,1101,1690,1801,600,736,2682,2186,817,3
388,1775,1410,1099,1688,1802,601,736,2731,2184,816,3
389,1765,1406,1100,1688,1802,602,738,2816,2186,816,3
390,1755,1410,1098,1688,1801,602,738,2876,2185,816,3
391,1763,1408,1100,1689,1800,600,740,2882,2186,817,3
392,1739,1408,1098,1690,1798,601,740,2804,2186,817,3
393,1771,1399,1099,1689,1802,601,739,2714,2185,818,3
394,1782,1408,1101,1690,1800,602,740,2699,2187,816,3
395,1738,1404,1100,1691,1795,602,742,2764,2187,817,3
396,1765,1411,1098,1690,1801,601,742,2848,2186,817,3
397,1784,1411,1099,1693,1800,601,744,2890,2187,817,3
398,1774,1408,1099,1692,1802,602,746,2875,2185,818,3
399,1772,1403,1100,1692,1800,602,745,2772,2187,817,3
400,1786,1411,1098,1691,1800,600,746,2699,2187,819,3
401,1778,1414,1100,1694,1802,601,747,2723,2187,818,3
402,1770,1410,1099,1693,1800,602,743,2806,2187,817,3
403,1758,1408,1098,1692,1802,601,750,2870,2186,818,3
404,1758,1408,1100,1693,1801,600,748,2893,2187,817,3
405,1756,1408,1099,1694,1800,601,747,2830,2187,817,3
406,1774,1414,1099,1694,1799,600,748,2735,2187,818,3
407,1778,1411,1099,1693,1801,601,749,2698,2187,818,3
408,1768,1402,1098,1692,1802,600,750,2757,2186,818,3
409,1765,1408,1100,1694,1799,601,751,2840,2188,817,3
410,1768,1402,1099,1693,1801,600,750,2887,2186,818,3
411,1755,1410,1100,1696,1800,602,752,2882,2187,818,3
412,1773,1412,1100,1696,1801,601,753,2794,2188,819,3
413,1781,1412,1099,1693,1802,602,751,2706,2187,818,3
414,1767,1410,1100,1694,1800,600,745,2708,2187,817,3
415,1750,1406,1100,1694,1801,602,753,2800,2188,818,3
416,1785,1411,1096,1694,1803,603,753,2860,2187,818,3
417,1770,1389,1098,1694,1800,603,755,2891,2187,818,3
418,1772,1426,1098,1692,1800,602,753,2860,2187,817,3
419,1768,1413,1101,1697,1800,600,754,2746,2187,818,3
420,1778,1411,1099,1693,1800,602,754,2698,2187,817,3
421,1766,1402,1098,1694,1801,602,754,2739,2187,820,3
422,1734,1404,1099,1694,1802,600,756,2834,2187,819,3
423,1769,1404,1100,1693,1802,600,754,2884,2187,817,3
424,1771,1402,1098,1694,1802,602,755,2893,2187,818,3
425,1770,1398,1098,1693,1801,602,756,2804,2188,817,3
426,1770,1408,1100,1694,1800,600,757,2718,2188,818,3
427,1766,1410,1097,1694,1802,601,758,2703,2188,818,3
428,1762,1410,1099,1692,1801,602,758,2779,2187,818,3
429,1770,1408,1100,1692,1800,602,758,2861,2188,817,3
430,1770,1411,1100,1693,1801,602,757,2889,2188,817,3
431,1767,1404,1100,1692,1800,601,757,2870,2188,818,3
432,1771,1415,1098,1692,1801,601,756,2766,2188,818,3
433,1750,1406,1102,1691,1802,601,757,2702,2187,818,3
434,1768,1414,1101,1691,1802,603,756,2724,2188,819,3
435,1786,1411,1100,1691,1802,602,756,2814,2189,818,3
436,1772,1402,1098,1692,1800,601,764,2883,2187,819,3
437,1752,1408,1098,1692,1801,600,760,2895,2188,820,3
438,1766,1410,1098,1692,1801,602,760,2826,2187,818,3
439,1768,1414,1100,1692,1802,602,755,2728,2190,818,3
440,1790,1413,1101,1693,1800,602,759,2698,2189,818,3
441,1778,1411,1099,1692,1802,601,759,2762,2189,820,3
442,1768,1417,1098,1693,1800,604,758,2854,2189,820,3
443,1775,1418,1098,1692,1802,601,759,2893,2187,820,3
444,1772,1418,1099,1693,1802,602,761,2886,2188,819,3
445,1760,1410,1098,1691,1802,602,761,2790,2190,819,3
446,1751,1410,1099,1693,1802,601,763,2710,2189,821,3
447,1767,1411,1098,1695,1801,601,756,2717,2189,822,3
448,1770,1412,1098,1694,1801,601,766,2806,2189,820,3
449,1764,1408,1100,1695,1801,601,764,2877,2190,820,3
450,1771,1414,1099,1697,1803,601,764,2897,2188,821,3
451,1769,1411,1099,1698,1800,601,770,2850,2190,821,3
452,1771,1414,1099,1701,1800,601,768,2747,2191,822,3
453,1766,1410,1098,1700,1802,601,770,2703,2191,822,3
454,1746,1406,1099,1700,1800,602,770,2757,2191,822,3
455,1760,1409,1098,1704,1798,601,773,2844,2191,823,3
456,1778,1412,1098,1704,1802,601,774,2892,2192,824,3
457,1779,1412,1098,1707,1801,601,774,2894,2191,824,3
458,1768,1422,1097,1700,1802,603,775,2814,2191,822,3
459,1776,1410,1098,1709,1802,601,776,2720,2192,823,3
460,1778,1410,1100,1711,1800,602,776,2716,2194,824,3
461,1768,1402,1100,1712,1800,600,779,2792,2194,824,3
462,1770,1402,1099,1712,1801,602,780,2863,2189,823,3
463,1766,1410,1099,1714,1800,602,782,2895,2194,824,3
464,1776,1414,1098,1717,1802,601,784,2877,2194,824,3
465,1774,1414,1100,1720,1800,602,784,2778,2194,825,3
466,1778,1408,1098,1720,1803,602,786,2713,2194,826,3
467,1790,1409,1086,1722,1800,602,787,2745,2194,826,3
468,1770,1412,1099,1724,1802,602,784,2832,2194,825,3
469,1775,1410,1100,1726,1801,602,790,2891,2196,826,3
470,1770,1415,1098,1730,1802,601,792,2903,2196,826,3
471,1789,1410,1100,1733,1800,600,793,2835,2196,827,3
472,1765,1404,1099,1733,1800,602,794,2748,2197,827,3
473,1758,1410,1099,1736,1790,602,797,2731,2197,827,3
474,1774,1403,1100,1738,1801,602,794,2790,2197,827,3
475,1779,1410,1098,1740,1805,601,800,2861,2198,829,3
476,1768,1410,1098,1740,1800,603,802,2898,2197,828,3
477,1754,1408,1100,1743,1803,600,803,2894,2198,830,3
478,1774,1409,1099,1744,1801,603,802,2807,2198,824,3
479,1772,1399,1098,1745,1801,603,803,2730,2199,828,3
480,1761,1410,1100,1745,1795,603,805,2749,2200,829,3
481,1772,1408,1097,1750,1801,603,808,2830,2200,825,3
482,1806,1410,1099,1750,1800,601,808,2886,2200,830,3
483,1753,1404,1098,1750,1802,603,810,2909,2200,832,3
484,1774,1405,1098,1752,1802,603,812,2861,2200,830,3
485,1770,1402,1099,1755,1802,602,812,2772,2201,832,3
486,1776,1411,1100,1756,1801,602,813,2735,2201,832,3
487,1773,1403,1098,1757,1802,604,814,2781,2200,832,3
488,1767,1410,1099,1760,1801,603,816,2859,2202,832,3
489,1774,1403,1100,1759,1800,602,819,2907,2201,832,3
490,1807,1410,1099,1762,1801,602,817,2905,2202,832,3
491,1735,1402,1098,1763,1802,602,819,2832,2202,834,3
492,1768,1403,1100,1763,1801,601,818,2754,2203,834,3
493,1771,1410,1098,1764,1800,602,821,2748,2202,834,3
494,1772,1410,1100,1765,1802,603,819,2822,2203,834,3
495,1770,1402,1100,1768,1800,602,823,2881,2203,833,3
496,1772,1414,1100,1767,1801,611,822,2914,2204,834,3
497,1786,1412,1090,1770,1801,602,824,2886,2204,834,3
498,1746,1405,1099,1770,1803,601,828,2797,2204,834,3
499,1765,1403,1100,1770,1802,602,826,2737,2205,834,3
500,1766,1408,1100,1772,1799,603,826,2776,2206,835,3
501,1784,1408,1096,1774,1801,601,828,2849,2205,835,3
502,1772,1412,1100,1776,1801,601,832,2899,2206,836,3
503,1773,1410,1099,1776,1802,602,828,2907,2206,836,3
504,1755,1409,1103,1777,1801,603,832,2851,2208,835,3
505,1774,1406,1099,1778,1802,602,829,2768,2208,836,3
506,1764,1408,1100,1780,1802,603,833,2752,2209,836,3
507,1774,1405,1100,1780,1801,601,834,2806,2208,837,3
508,1764,1408,1098,1779,1795,601,834,2882,2210,836,3
509,1797,1412,1099,1780,1801,603,836,2909,2209,836,3
510,1759,1408,1101,1782,1795,601,836,2902,2209,838,3
511,1764,1405,1099,1784,1801,602,836,2810,2209,837,3
512,1756,1406,1106,1785,1801,601,838,2748,2210,838,3
513,1769,1404,1098,1784,1802,601,838,2760,2208,838,3
514,1774,1432,1100,1786,1801,602,840,2842,2211,838,3
515,1771,1400,1100,1786,1801,596,840,2898,2211,838,3
516,1769,1403,1100,1786,1802,602,842,2918,2211,839,3
517,1770,1413,1098,1788,1802,601,836,2864,2211,840,3
518,1781,1412,1098,1787,1805,603,840,2779,2210,838,3
519,1780,1410,1099,1787,1801,602,841,2747,2212,838,3
520,1762,1406,1100,1788,1802,602,839,2790,2212,838,3
521,1774,1425,1098,1790,1801,601,844,2873,2212,838,3
522,1772,1398,1100,1792,1802,603,843,2909,2211,840,3
523,1771,1408,1098,1792,1802,602,844,2906,2211,839,3
524,1775,1411,1100,1794,1801,602,844,2835,2213,838,3
525,1766,1406,1100,1794,1801,603,843,2754,2214,839,3
526,1771,1401,1100,1794,1801,602,851,2765,2214,840,3
527,1772,1399,1099,1794,1802,602,843,2828,2213,840,3
528,1783,1414,1101,1797,1799,602,844,2891,2214,840,3
529,1773,1418,1100,1796,1802,602,846,2918,2214,839,3
530,1770,1400,1100,1797,1802,602,847,2886,2215,839,3
531,1777,1411,1099,1796,1804,602,850,2797,2214,840,3
532,1762,1409,1100,1798,1794,602,848,2753,2216,841,3
533,1772,1400,1101,1799,1802,602,847,2782,2214,841,3
534,1778,1410,1100,1799,1803,602,848,2858,2214,840,3
535,1762,1411,1100,1800,1803,602,850,2914,2216,841,3
536,1769,1398,1099,1800,1802,601,856,2921,2214,841,3
537,1771,1422,1098,1802,1802,602,851,2853,2216,840,3
538,1754,1410,1111,1802,1802,602,850,2771,2216,841,3
539,1774,1414,1100,1801,1801,603,844,2749,2216,840,3
540,1772,1404,1100,1802,1801,602,851,2820,2216,841,3
541,1775,1412,1099,1802,1802,602,851,2888,2215,842,3
542,1770,1402,1100,1802,1802,602,851,2917,2216,841,3
543,1779,1411,1099,1803,1806,602,850,2902,2216,842,3
544,1771,1419,1100,1803,1802,601,853,2819,2217,842,3
545,1771,1414,1100,1804,1802,603,854,2749,2217,841,3
546,1763,1408,1100,1805,1802,602,854,2770,2214,842,3
547,1775,1413,1099,1806,1802,601,853,2851,2218,843,3
548,1761,1406,1098,1805,1802,603,854,2912,2217,842,3
549,1774,1415,1100,1805,1802,603,855,2917,2218,842,3
550,1771,1406,1100,1806,1802,603,852,2863,2218,843,3
551,1775,1416,1100,1809,1802,600,854,2785,2218,843,3
552,1770,1417,1100,1806,1802,602,856,2750,2218,841,3
553,1767,1408,1099,1806,1803,602,856,2801,2218,842,3
554,1780,1411,1102,1808,1808,601,855,2874,2219,842,3
555,1736,1410,1100,1808,1802,602,856,2920,2219,843,3
556,1771,1411,1100,1809,1803,602,858,2919,2219,844,3
557,1785,1411,1100,1811,1802,601,858,2832,2219,842,3
558,1771,1408,1100,1811,1802,602,857,2765,2219,842,3
559,1776,1419,1100,1812,1802,603,855,2767,2221,843,3
560,1774,1412,1101,1811,1802,603,857,2837,2220,843,3
561,1771,1399,1099,1811,1802,603,858,2897,2219,844,3
562,1773,1408,1100,1812,1803,602,857,2922,2220,844,3
563,1774,1416,1099,1811,1802,607,858,2894,2219,843,3
564,1750,1410,1100,1811,1803,602,859,2803,2221,843,3
565,1772,1403,1100,1811,1801,603,858,2750,2221,843,3
566,1802,1411,1099,1814,1802,602,858,2787,2221,845,3
567,1774,1420,1100,1815,1801,602,859,2868,2222,843,3
568,1777,1412,1100,1813,1802,602,858,2920,2220,844,3
569,1766,1410,1100,1814,1804,602,861,2924,2222,845,3
570,1769,1408,1099,1815,1802,602,859,2850,2222,843,3
571,1795,1412,1100,1814,1802,603,859,2769,2222,843,3
572,1772,1416,1099,1814,1802,602,859,2762,2222,844,3
573,1781,1414,1099,1814,1803,603,861,2826,2222,844,3
574,1761,1409,1102,1814,1802,602,858,2893,2223,844,3
575,1770,1400,1102,1817,1801,603,860,2918,2223,845,3
576,1765,1408,1100,1816,1802,602,860,2903,2224,844,3
577,1771,1414,1099,1818,1803,602,859,2818,2224,845,3
578,1775,1416,1100,1818,1803,602,860,2755,2223,846,3
579,1780,1413,1100,1818,1801,603,862,2777,2224,843,3
580,1771,1414,1101,1818,1803,603,861,2850,2223,846,3
581,1770,1399,1102,1818,1803,602,861,2906,2223,846,3
582,1777,1411,1099,1819,1804,602,862,2918,2224,846,3
583,1774,1410,1101,1820,1802,602,862,2875,2223,845,3
584,1772,1404,1101,1819,1803,602,861,2789,2225,845,3
585,1756,1411,1099,1819,1803,601,861,2760,2223,845,3
586,1765,1408,1101,1820,1796,603,863,2809,2225,846,3
587,1769,1403,1102,1822,1803,601,862,2876,2225,847,3
588,1768,1411,1102,1822,1802,602,865,2917,2226,846,3
589,1793,1413,1101,1820,1802,601,865,2913,2226,846,3
590,1771,1430,1099,1821,1802,603,861,2840,2226,846,3
591,1775,1418,1102,1824,1802,602,866,2762,2226,846,3
592,1762,1409,1100,1822,1804,602,863,2770,2225,846,3
593,1768,1412,1101,1822,1802,603,865,2846,2226,844,3
594,1774,1414,1100,1822,1804,602,866,2907,2226,846,3
595,1766,1408,1103,1821,1802,603,865,2920,2226,846,3
596,1766,1408,1101,1824,1803,601,865,2886,2226,847,3
597,1770,1408,1100,1824,1803,602,865,2804,2226,847,3
598,1771,1405,1102,1825,1802,602,865,2758,2227,844,3
599,1775,1418,1102,1825,1802,603,871,2794,2227,847,3
600,1749,1408,1101,1824,1803,603,866,2870,2227,847,3
601,1751,1408,1099,1824,1803,601,866,2918,2226,848,3
602,1772,1401,1100,1825,1803,602,867,2918,2226,847,3
603,1773,1390,1101,1826,1803,603,867,2854,2226,846,3
604,1774,1392,1100,1825,1801,603,862,2770,2228,847,3
605,1790,1410,1102,1826,1801,602,866,2760,2228,847,3
606,1787,1412,1102,1827,1803,601,866,2819,2227,848,3
607,1773,1402,1102,1826,1803,602,866,2894,2226,848,3
608,1774,1405,1101,1828,1802,602,864,2926,2227,847,3
609,1775,1404,1102,1827,1802,603,863,2909,2228,847,3
610,1784,1411,1101,1827,1801,602,865,2824,2228,847,3
611,1781,1411,1100,1828,1803,602,866,2758,2228,849,3
612,1770,1414,1101,1830,1803,603,868,2779,2228,847,3
613,1770,1411,1099,1829,1802,602,868,2858,2228,848,3
614,1774,1412,1102,1829,1803,603,868,2914,2228,849,3
615,1768,1403,1102,1830,1804,603,866,2920,2229,848,3
616,1775,1399,1102,1832,1803,602,866,2872,2229,848,3
617,1786,1411,1101,1830,1803,603,867,2787,2229,847,3
618,1796,1414,1103,1829,1802,602,867,2755,2229,850,3
619,1811,1414,1102,1829,1803,603,870,2802,2230,849,3
620,1773,1409,1102,1830,1803,603,869,2877,2230,848,3
621,1778,1410,1102,1831,1803,602,868,2916,2230,850,3
622,1775,1422,1101,1829,1803,602,869,2920,2229,848,3
623,1773,1424,1100,1829,1803,603,873,2848,2229,848,3
624,1776,1406,1100,1829,1803,603,867,2768,2230,848,3
625,1779,1412,1101,1832,1803,603,869,2771,2231,848,3
626,1780,1417,1100,1832,1803,602,868,2842,2230,848,3
627,1763,1411,1101,1831,1804,602,867,2904,2231,848,3
628,1755,1414,1101,1832,1803,603,869,2928,2230,849,3
629,1779,1412,1102,1832,1804,602,870,2898,2231,848,3
630,1774,1414,1101,1832,1803,602,869,2810,2230,849,3
631,1766,1411,1101,1831,1804,604,870,2759,2231,848,3
632,1774,1417,1102,1833,1803,602,870,2788,2231,849,3
633,1771,1416,1102,1833,1802,602,872,2863,2231,850,3
634,1771,1410,1102,1834,1801,602,871,2921,2232,849,3
635,1776,1394,1101,1834,1804,603,864,2919,2232,850,3
636,1774,1413,1102,1832,1804,603,871,2858,2231,848,3
637,1771,1402,1102,1835,1804,602,870,2776,2232,849,3
638,1771,1400,1100,1834,1803,602,866,2758,2232,850,3
639,1772,1412,1101,1834,1804,603,871,2819,2232,850,3
640,1769,1403,1102,1834,1802,596,869,2888,2232,849,3
641,1772,1395,1102,1834,1804,603,870,2920,2232,850,3
642,1763,1411,1102,1834,1803,602,870,2907,2232,851,3
643,1768,1403,1100,1836,1803,603,871,2823,2232,850,3
644,1775,1387,1102,1835,1802,602,862,2755,2233,848,3
645,1767,1410,1102,1835,1803,602,869,2770,2234,850,3
646,1771,1401,1100,1836,1803,603,871,2850,2232,850,3
647,1811,1416,1102,1837,1803,602,871,2906,2230,849,3
648,1769,1406,1101,1835,1804,604,870,2922,2232,849,3
649,1776,1411,1102,1836,1803,604,868,2876,2232,848,3
650,1771,1408,1102,1837,1803,602,871,2792,2233,850,3
651,1771,1397,1101,1842,1804,603,870,2755,2233,850,3
652,1766,1409,1104,1838,1803,602,870,2798,2233,850,3
653,1774,1402,1101,1837,1803,603,870,2878,2233,850,3
654,1774,1416,1102,1835,1803,603,871,2918,2233,850,3
655,1774,1400,1102,1838,1803,602,870,2919,2234,850,3
656,1772,1415,1102,1839,1803,601,872,2842,2234,850,3
657,1771,1402,1101,1838,1803,601,874,2766,2234,850,3
658,1776,1414,1101,1838,1803,603,874,2767,2234,850,3
659,1772,1414,1103,1838,1800,603,872,2840,2234,850,3
660,1778,1414,1102,1838,1803,603,872,2896,2234,850,3
661,1768,1413,1102,1839,1796,604,872,2927,2234,850,3
662,1774,1417,1102,1838,1804,604,873,2898,2234,849,3
663,1769,1414,1101,1838,1803,603,874,2817,2234,850,3
664,1740,1408,1103,1837,1804,603,871,2759,2238,850,3
665,1766,1408,1102,1839,1804,602,872,2790,2235,850,3
666,1778,1414,1101,1839,1805,602,872,2865,2234,852,3
667,1753,1410,1100,1842,1804,602,872,2916,2235,852,3
668,1781,1417,1100,1840,1805,603,872,2926,2234,850,3
669,1774,1404,1102,1840,1804,603,872,2866,2236,850,3
670,1778,1419,1102,1842,1805,602,873,2785,2236,850,3
671,1774,1408,1102,1842,1803,603,874,2764,2235,852,3
672,1778,1426,1101,1840,1804,603,875,2820,2235,849,3
673,1774,1411,1103,1841,1805,603,872,2886,2234,852,3
674,1794,1413,1103,1840,1804,603,873,2922,2235,851,3
675,1782,1413,1104,1842,1803,601,872,2909,2235,851,3
676,1770,1411,1101,1842,1805,603,873,2831,2234,851,3
677,1794,1412,1103,1841,1803,603,874,2760,2236,851,3
678,1770,1402,1101,1841,1806,603,874,2772,2234,851,3
679,1772,1416,1102,1842,1804,604,874,2848,2236,850,3
680,1776,1392,1102,1843,1804,603,866,2902,2236,851,3
681,1770,1413,1102,1842,1803,602,874,2929,2236,851,3
682,1770,1413,1104,1844,1805,602,874,2891,2236,852,3
683,1762,1412,1100,1842,1807,603,874,2803,2235,851,3
684,1778,1418,1103,1843,1804,604,873,2760,2238,852,3
685,1779,1414,1103,1842,1803,602,874,2802,2237,852,3
686,1774,1427,1104,1843,1805,603,873,2881,2236,852,3
687,1774,1421,1102,1844,1804,604,874,2922,2237,850,3
688,1776,1410,1101,1844,1803,603,874,2921,2237,852,3
689,1797,1412,1103,1843,1803,604,873,2848,2240,850,3
690,1790,1414,1094,1845,1803,603,874,2769,2237,853,3
691,1771,1403,1101,1846,1804,604,874,2763,2238,852,3
692,1770,1409,1103,1846,1803,603,876,2827,2237,851,3
693,1772,1413,1102,1843,1805,603,875,2896,2236,856,3
694,1768,1411,1102,1845,1806,601,874,2928,2240,851,3
695,1770,1414,1104,1845,1800,603,871,2907,2240,851,3
696,1782,1413,1101,1844,1806,603,875,2821,2237,852,3
697,1783,1412,1102,1845,1805,601,874,2760,2238,851,3
698,1772,1430,1102,1847,1806,603,882,2790,2238,852,3
699,1778,1414,1103,1844,1803,604,875,2857,2240,852,3
700,1776,1411,1104,1846,1805,604,873,2910,2240,852,3
701,1765,1408,1102,1846,1805,601,874,2922,2240,852,3
702,1806,1413,1101,1844,1804,604,874,2869,2235,851,3
703,1775,1390,1102,1846,1804,602,876,2787,2238,852,3
704,1768,1409,1102,1845,1805,603,875,2765,2240,851,3
705,1770,1412,1104,1847,1796,603,875,2816,2240,852,3
706,1777,1416,1104,1847,1805,602,876,2888,2240,853,3
707,1780,1416,1101,1845,1805,604,874,2924,2238,852,3
708,1776,1411,1102,1848,1804,603,874,2922,2241,851,3
709,1788,1412,1103,1848,1804,604,875,2837,2241,853,3
710,1784,1411,1102,1847,1804,604,875,2763,2242,851,3
711,1773,1402,1104,1848,1804,603,875,2770,2242,853,3
712,1769,1403,1104,1847,1805,603,876,2842,2242,854,3
713,1772,1416,1103,1847,1804,602,876,2910,2240,853,3
714,1784,1416,1104,1848,1805,603,874,2927,2241,851,3
715,1782,1415,1102,1846,1805,604,876,2896,2242,851,3
716,1775,1414,1104,1850,1805,601,875,2806,2241,854,3
717,1773,1404,1102,1849,1805,603,876,2759,2242,853,3
718,1787,1415,1091,1848,1806,603,876,2794,2240,853,3
719,1776,1403,1103,1848,1805,604,875,2867,2242,852,3
720,1776,1403,1102,1851,1803,604,875,2917,2242,852,3
