timestamp,S1,S2,S3,S4,S5,S6,S7,S8,S9,S10,Flag
1,2218,2582,2607,3322,3345,782,3368,3481,3506,2012,0
2,2235,2584,2607,3321,3344,782,3368,3482,3506,2013,0
3,2229,2605,2607,3321,3346,782,3368,3483,3506,2014,0
4,2232,2582,2607,3322,3344,780,3368,3485,3505,2012,0
5,2231,2576,2606,3321,3346,781,3368,3486,3505,2013,0
6,2230,2584,2607,3320,3345,783,3366,3491,3506,2012,0
7,2229,2581,2607,3322,3345,784,3370,3482,3506,2012,0
8,2240,2582,2609,3321,3346,784,3369,3489,3505,2012,0
9,2230,2579,2608,3322,3345,784,3368,3489,3505,2014,0
10,2222,2582,2607,3321,3346,782,3369,3483,3505,2011,0
11,2234,2582,2608,3322,3347,792,3366,3486,3504,2012,0
12,2224,2586,2606,3320,3346,783,3368,3492,3506,2013,0
13,2219,2582,2607,3320,3346,782,3368,3486,3506,2012,0
14,2225,2571,2608,3320,3346,782,3369,3491,3506,2012,0
15,2226,2585,2606,3320,3344,783,3366,3491,3506,2014,0
16,2222,2582,2606,3321,3348,783,3370,3490,3505,2013,0
17,2229,2586,2609,3320,3346,785,3368,3490,3506,2013,0
18,2243,2585,2607,3322,3347,781,3370,3490,3505,2013,0
19,2227,2578,2608,3320,3346,783,3370,3492,3506,2013,0
20,2228,2584,2606,3321,3346,783,3369,3493,3505,2012,0
21,2223,2584,2609,3320,3347,784,3370,3491,3506,2013,1
22,2227,2581,2608,3322,3347,783,3370,3483,3506,2011,1
23,2248,2584,2610,3321,3347,783,3370,3490,3506,2014,1
24,2228,2600,2608,3322,3347,782,3366,3480,3507,2011,1
25,2232,2584,2608,3320,3347,782,3368,3482,3506,2011,1
26,2217,2584,2608,3321,3346,784,3371,3483,3506,2012,1
27,2209,2584,2610,3322,3347,782,3370,3487,3506,2014,1
28,2223,2582,2609,3322,3347,782,3371,3493,3506,2012,1
29,2229,2580,2609,3321,3347,784,3369,3492,3507,2014,1
30,2228,2582,2610,3322,3347,782,3368,3483,3507,2016,1
31,2229,2583,2610,3322,3347,781,3370,3483,3506,2015,1
32,2230,2581,2611,3321,3347,783,3372,3489,3506,2012,1
33,2227,2585,2609,3323,3349,782,3371,3491,3506,2012,1
34,2235,2586,2610,3323,3348,782,3370,3492,3506,2013,1
35,2231,2584,2610,3322,3348,783,3371,3496,3507,2015,1
36,2219,2584,2609,3323,3349,781,3371,3491,3507,2015,1
37,2224,2587,2610,3323,3347,784,3373,3489,3506,2019,1
38,2236,2586,2612,3324,3347,784,3375,3488,3507,2020,1
39,2231,2584,2611,3328,3349,784,3377,3498,3507,2020,1
40,2223,2589,2610,3330,3348,783,3378,3492,3508,2024,1
41,2233,2589,2610,3330,3342,784,3378,3499,3507,2026,1
42,2231,2587,2611,3331,3350,782,3379,3501,3510,2029,1
43,2233,2586,2611,3331,3349,784,3382,3498,3510,2033,1
44,2231,2589,2614,3331,3349,784,3384,3506,3509,2034,1
45,2235,2571,2612,3333,3348,784,3385,3506,3510,2038,1
46,2233,2600,2613,3334,3350,782,3384,3502,3510,2042,1
47,2242,2589,2614,3336,3351,784,3385,3502,3511,2044,1
48,2231,2584,2613,3336,3350,784,3390,3507,3510,2048,1
49,2198,2584,2614,3339,3350,785,3394,3508,3510,2050,1
50,2165,2588,2614,3339,3352,784,3394,3505,3512,2052,1
51,2179,2587,2616,3342,3346,783,3396,3507,3512,2053,1
52,2181,2587,2615,3343,3354,785,3398,3510,3513,2057,1
53,2182,2582,2616,3344,3353,784,3398,3512,3512,2062,1
54,2184,2575,2617,3346,3353,782,3400,3522,3512,2063,1
55,2177,2587,2618,3347,3354,780,3403,3520,3514,2065,1
56,2148,2588,2618,3347,3353,786,3402,3514,3514,2068,1
57,2180,2590,2617,3349,3352,786,3408,3518,3513,2070,1
58,2185,2588,2616,3350,3355,784,3406,3520,3514,2069,1
59,2186,2582,2619,3352,3355,784,3408,3523,3514,2070,1
60,2185,2582,2619,3352,3353,786,3410,3531,3515,2074,1
61,2222,2590,2620,3355,3354,783,3414,3532,3514,2075,1
62,2171,2594,2620,3355,3353,786,3414,3526,3515,2076,1
63,2187,2594,2621,3358,3352,786,3415,3534,3514,2079,1
64,2190,2590,2624,3358,3355,787,3418,3527,3515,2082,1
65,2194,2599,2622,3360,3357,786,3416,3526,3514,2083,1
66,2187,2594,2622,3362,3355,786,3419,3532,3516,2084,1
67,2197,2596,2626,3363,3356,786,3422,3538,3516,2085,1
68,2195,2598,2626,3364,3358,785,3424,3540,3514,2085,1
69,2192,2582,2624,3366,3357,788,3426,3539,3515,2086,1
70,2197,2598,2627,3365,3358,786,3424,3534,3514,2085,1
71,2195,2598,2628,3366,3357,787,3428,3539,3515,2090,1
72,2197,2594,2628,3368,3358,785,3426,3539,3515,2087,1
73,2167,2599,2629,3368,3358,788,3431,3533,3515,2089,1
74,2194,2595,2629,3368,3358,786,3427,3539,3515,2088,1
75,2196,2595,2628,3369,3360,786,3430,3534,3515,2091,1
76,2196,2599,2630,3370,3360,787,3432,3535,3515,2092,1
77,2224,2600,2630,3371,3358,787,3432,3541,3515,2094,1
78,2203,2602,2632,3371,3359,787,3432,3536,3514,2091,1
79,2200,2604,2632,3372,3361,788,3433,3542,3517,2094,1
80,2200,2600,2633,3370,3360,789,3432,3543,3517,2094,1
81,2205,2617,2632,3372,3360,788,3431,3535,3515,2094,1
82,2196,2603,2631,3374,3360,788,3437,3542,3517,2096,1
83,2211,2603,2631,3372,3362,790,3437,3543,3516,2097,1
84,2202,2604,2634,3372,3361,788,3434,3546,3516,2096,1
85,2204,2600,2634,3374,3362,790,3435,3544,3516,2095,1
86,2208,2602,2634,3374,3362,788,3438,3539,3517,2096,1
87,2205,2606,2636,3374,3355,790,3438,3546,3516,2096,1
88,2202,2605,2635,3374,3362,788,3438,3536,3518,2094,1
89,2213,2607,2635,3374,3363,788,3438,3536,3517,2095,1
90,2208,2605,2635,3375,3364,789,3438,3538,3517,2094,1
91,2206,2607,2637,3374,3363,790,3438,3536,3516,2092,1
92,2206,2597,2635,3375,3363,788,3441,3545,3516,2091,1
93,2222,2607,2637,3375,3362,792,3440,3546,3516,2093,1
94,2204,2607,2638,3374,3363,790,3440,3539,3516,2090,1
95,2206,2595,2638,3374,3362,790,3441,3542,3516,2089,1
96,2211,2608,2638,3375,3363,790,3439,3542,3515,2089,1
97,2203,2606,2640,3375,3363,790,3439,3530,3515,2084,1
98,2208,2608,2640,3374,3365,790,3438,3529,3515,2083,1
99,2212,2610,2640,3375,3363,789,3438,3530,3511,2078,1
100,2206,2610,2641,3374,3363,789,3439,3536,3514,2079,1
101,2208,2608,2640,3378,3366,790,3435,3531,3514,2078,1
102,2187,2607,2642,3374,3366,789,3436,3526,3514,2075,1
103,2208,2611,2640,3374,3364,790,3435,3530,3513,2070,1
104,2207,2606,2642,3372,3366,789,3435,3518,3514,2071,1
105,2174,2606,2641,3372,3366,791,3434,3518,3513,2067,1
106,2214,2610,2642,3371,3366,792,3430,3523,3514,2066,1
107,2210,2627,2643,3368,3367,790,3428,3514,3512,2064,1
108,2205,2610,2642,3368,3366,790,3427,3521,3514,2061,1
109,2209,2613,2641,3368,3366,790,3427,3522,3512,2058,1
110,2206,2615,2642,3366,3366,788,3424,3517,3510,2057,1
111,2203,2608,2642,3365,3366,787,3422,3514,3511,2054,1
112,2197,2611,2647,3362,3367,789,3422,3505,3510,2051,1
113,2208,2614,2642,3360,3366,788,3416,3506,3510,2050,1
114,2206,2614,2640,3360,3366,787,3416,3500,3509,2048,1
115,2201,2610,2642,3358,3365,788,3418,3499,3510,2043,1
116,2261,2611,2642,3355,3366,786,3413,3499,3507,2041,1
117,2267,2616,2640,3354,3366,789,3410,3500,3510,2040,1
118,2267,2614,2642,3352,3367,787,3409,3505,3506,2037,1
119,2261,2608,2640,3351,3366,787,3408,3496,3507,2035,1
120,2255,2609,2642,3347,3366,788,3404,3497,3507,2034,1
121,2260,2613,2642,3347,3364,786,3404,3495,3506,2032,2
122,2264,2616,2642,3347,3366,789,3403,3488,3507,2031,2
123,2262,2618,2639,3342,3369,790,3396,3489,3506,2030,2
124,2261,2616,2641,3343,3368,790,3395,3485,3506,2027,2
125,2262,2618,2640,3336,3367,789,3388,3488,3505,2024,2
126,2260,2616,2640,3332,3368,789,3387,3486,3504,2023,2
127,2259,2618,2640,3330,3367,789,3384,3482,3505,2022,2
128,2258,2614,2640,3325,3367,789,3379,3478,3503,2019,2
129,2263,2614,2638,3321,3368,790,3374,3470,3502,2016,2
130,2258,2613,2638,3318,3366,790,3368,3464,3501,2011,2
131,2258,2611,2637,3315,3366,788,3366,3466,3501,2008,2
132,2259,2614,2636,3314,3366,788,3360,3464,3500,2006,2
133,2256,2610,2634,3308,3366,789,3354,3466,3499,2002,2
134,2256,2609,2635,3306,3366,787,3350,3464,3498,1999,2
135,2253,2611,2636,3302,3364,786,3345,3458,3498,1994,2
136,2251,2608,2635,3298,3365,788,3341,3451,3498,1990,2
137,2251,2609,2632,3296,3364,786,3336,3443,3496,1987,2
138,2251,2607,2632,3291,3362,786,3324,3442,3494,1982,2
139,2249,2611,2632,3288,3364,785,3320,3443,3494,1980,2
140,2249,2607,2631,3286,3363,786,3319,3444,3494,1974,2
141,2248,2607,2629,3281,3363,785,3312,3446,3493,1973,2
142,2247,2603,2628,3279,3362,784,3307,3443,3494,1968,2
143,2244,2606,2628,3275,3363,783,3302,3441,3492,1966,2
144,2247,2604,2625,3271,3363,783,3296,3435,3491,1962,2
145,2245,2603,2626,3267,3362,784,3290,3427,3489,1958,2
146,2245,2600,2624,3266,3360,783,3283,3425,3490,1954,2
147,2243,2603,2622,3259,3362,783,3278,3423,3489,1951,2
148,2240,2600,2619,3258,3360,784,3277,3425,3488,1947,2
149,2240,2598,2621,3253,3358,783,3269,3427,3486,1944,2
150,2241,2600,2619,3252,3357,783,3266,3429,3486,1940,2
151,2235,2599,2617,3247,3358,780,3258,3426,3484,1938,2
152,2235,2598,2615,3242,3358,782,3252,3422,3486,1935,2
153,2234,2596,2616,3241,3357,781,3249,3414,3483,1933,2
154,2234,2594,2614,3238,3356,783,3242,3406,3484,1929,2
155,2234,2592,2614,3234,3357,780,3237,3409,3482,1926,2
156,2230,2593,2611,3231,3355,780,3231,3412,3482,1923,2
157,2229,2592,2611,3226,3354,780,3226,3416,3482,1918,2
158,2226,2592,2609,3225,3354,779,3222,3419,3481,1915,2
159,2227,2589,2608,3221,3355,780,3218,3418,3481,1914,2
160,2226,2588,2607,3218,3352,778,3212,3406,3480,1910,2
161,2226,2588,2606,3214,3353,781,3209,3398,3478,1907,2
162,2226,2585,2606,3211,3354,778,3202,3394,3480,1905,2
163,2223,2586,2603,3209,3353,779,3195,3394,3478,1904,2
164,2220,2584,2602,3206,3352,779,3191,3400,3478,1899,2
165,2223,2582,2602,3203,3351,778,3186,3408,3476,1898,2
166,2218,2584,2598,3203,3351,777,3181,3409,3478,1896,2
167,2216,2579,2598,3197,3352,776,3177,3404,3477,1890,2
168,2214,2579,2598,3194,3348,776,3172,3398,3476,1890,2
169,2217,2576,2595,3191,3347,778,3169,3384,3475,1888,2
170,2211,2579,2594,3190,3348,778,3160,3379,3475,1884,2
171,2216,2578,2595,3185,3347,774,3156,3379,3474,1883,2
172,2210,2576,2592,3182,3348,776,3151,3379,3474,1881,2
173,2213,2575,2591,3179,3346,776,3150,3395,3473,1880,2
174,2210,2574,2590,3178,3347,775,3146,3398,3473,1876,2
175,2211,2571,2589,3175,3346,774,3139,3394,3473,1874,2
176,2205,2572,2587,3175,3346,778,3131,3388,3474,1873,2
177,2211,2571,2587,3171,3346,774,3131,3376,3472,1870,2
178,2202,2573,2585,3168,3346,776,3124,3370,3471,1869,2
179,2208,2568,2584,3164,3343,776,3123,3372,3472,1864,2
180,2201,2568,2582,3162,3344,775,3118,3372,3471,1866,2
181,2204,2568,2580,3160,3342,774,3113,3382,3470,1864,2
182,2199,2569,2580,3158,3343,774,3110,3387,3471,1861,2
183,2202,2570,2579,3154,3342,774,3105,3386,3470,1860,2
184,2196,2565,2578,3154,3340,774,3102,3380,3470,1858,2
185,2201,2566,2576,3152,3339,774,3097,3366,3470,1857,2
186,2195,2565,2576,3151,3340,772,3094,3360,3468,1851,2
187,2200,2563,2573,3147,3338,772,3089,3358,3468,1851,2
188,2194,2561,2574,3146,3339,773,3086,3362,3467,1848,2
189,2199,2560,2572,3146,3339,772,3082,3373,3467,1846,2
190,2193,2562,2571,3142,3339,772,3075,3378,3467,1846,2
191,2192,2562,2568,3140,3339,771,3077,3379,3467,1845,2
192,2191,2553,2569,3138,3338,772,3069,3374,3467,1841,2
193,2190,2556,2565,3136,3337,771,3065,3360,3466,1840,2
194,2190,2552,2566,3133,3337,770,3064,3354,3465,1837,2
195,2188,2551,2566,3131,3336,772,3058,3352,3466,1836,2
196,2189,2551,2564,3130,3334,770,3056,3356,3465,1836,2
197,2187,2551,2562,3128,3335,769,3052,3366,3464,1835,2
198,2187,2552,2562,3126,3335,771,3046,3371,3465,1832,2
199,2187,2549,2560,3123,3332,770,3046,3373,3464,1834,2
200,2184,2549,2560,3123,3333,769,3043,3366,3464,1832,2
201,2186,2547,2560,3121,3331,768,3040,3354,3463,1832,2
202,2183,2547,2556,3118,3332,770,3036,3345,3464,1827,2
203,2186,2546,2554,3117,3331,770,3030,3342,3464,1826,2
204,2182,2545,2553,3114,3331,770,3026,3347,3462,1827,2
205,2185,2545,2553,3116,3330,769,3026,3357,3462,1822,2
206,2180,2545,2552,3112,3330,770,3023,3363,3463,1822,2
207,2182,2541,2550,3111,3330,769,3019,3368,3462,1820,2
208,2177,2541,2550,3108,3330,769,3013,3360,3462,1820,2
209,2183,2539,2549,3109,3328,768,3011,3348,3461,1819,2
210,2178,2540,2548,3106,3326,770,3008,3337,3462,1820,2
211,2179,2540,2549,3106,3328,769,3006,3334,3461,1818,2
212,2177,2538,2546,3103,3325,770,3003,3338,3461,1816,2
213,2178,2538,2544,3102,3325,769,3001,3350,3460,1815,2
214,2173,2537,2543,3098,3323,769,2994,3360,3459,1814,2
215,2174,2537,2544,3098,3324,765,2994,3366,3459,1812,2
216,2173,2536,2542,3098,3322,769,2992,3358,3459,1810,2
217,2171,2536,2539,3098,3322,764,2986,3343,3458,1811,2
218,2174,2531,2539,3096,3323,769,2984,3331,3458,1810,2
219,2171,2534,2539,3096,3321,764,2980,3324,3458,1810,2
220,2172,2532,2539,3093,3322,763,2982,3330,3458,1808,2
221,2170,2531,2536,3092,3321,765,2977,3343,3457,1809,2
222,2168,2529,2535,3090,3319,766,2971,3350,3458,1807,2
223,2168,2530,2536,3090,3320,765,2970,3355,3457,1803,2
224,2167,2528,2533,3089,3318,765,2965,3353,3456,1802,2
225,2166,2529,2531,3086,3319,764,2965,3339,3456,1803,2
226,2166,2527,2531,3086,3318,763,2960,3326,3458,1801,2
227,2166,2525,2532,3086,3315,763,2960,3319,3458,1802,2
228,2164,2526,2530,3083,3317,764,2956,3319,3457,1800,2
229,2165,2525,2529,3082,3318,764,2956,3334,3456,1800,2
230,2162,2523,2528,3082,3316,765,2953,3344,3456,1798,2
231,2166,2520,2525,3079,3315,763,2949,3350,3456,1797,2
232,2165,2518,2526,3080,3315,762,2946,3349,3454,1795,2
233,2165,2519,2524,3078,3314,762,2944,3333,3453,1795,2
234,2164,2520,2523,3078,3314,762,2941,3324,3456,1794,2
235,2163,2518,2522,3078,3314,763,2942,3317,3454,1794,2
236,2164,2522,2522,3075,3314,763,2938,3318,3452,1792,2
237,2161,2518,2521,3075,3313,761,2934,3330,3454,1790,2
238,2162,2517,2521,3070,3311,762,2932,3339,3454,1790,2
239,2162,2515,2519,3072,3311,761,2930,3348,3452,1787,2
240,2157,2517,2518,3068,3310,762,2928,3346,3451,1789,2
241,2160,2514,2519,3070,3310,760,2925,3330,3451,1787,2
242,2155,2513,2518,3066,3310,763,2926,3319,3454,1785,2
243,2155,2512,2518,3067,3310,763,2922,3310,3452,1788,2
244,2157,2514,2515,3066,3309,760,2920,3310,3451,1786,2
245,2160,2514,2514,3064,3308,760,2918,3324,3452,1784,2
246,2154,2511,2515,3062,3307,760,2915,3333,3452,1785,2
247,2157,2511,2512,3063,3306,761,2914,3342,3451,1783,2
248,2153,2510,2511,3060,3306,761,2908,3341,3451,1781,2
249,2156,2509,2512,3062,3306,759,2906,3326,3451,1783,2
250,2155,2507,2510,3062,3305,762,2905,3318,3451,1781,2
251,2153,2507,2510,3059,3306,761,2906,3307,3451,1780,2
252,2151,2505,2509,3058,3305,762,2905,3306,3450,1779,2
253,2153,2504,2507,3058,3302,757,2903,3316,3450,1779,2
254,2154,2500,2506,3058,3304,760,2898,3328,3451,1777,2
255,2153,2504,2506,3056,3306,762,2898,3339,3450,1777,2
256,2154,2502,2505,3055,3304,762,2894,3336,3450,1776,2
257,2151,2502,2506,3055,3304,762,2894,3325,3449,1776,2
258,2152,2502,2504,3052,3301,762,2890,3314,3450,1777,2
259,2149,2502,2504,3052,3302,760,2890,3299,3448,1776,2
260,2152,2501,2501,3053,3300,760,2890,3301,3450,1774,2
261,2148,2502,2501,3051,3302,760,2885,3311,3448,1774,2
262,2149,2500,2501,3050,3299,758,2884,3319,3448,1773,2
263,2147,2498,2499,3050,3300,758,2886,3334,3448,1774,2
264,2146,2499,2499,3048,3299,760,2883,3334,3449,1771,2
265,2146,2498,2498,3049,3302,760,2880,3323,3449,1771,2
266,2145,2499,2498,3046,3299,760,2878,3315,3449,1772,2
267,2143,2491,2497,3046,3298,759,2876,3299,3448,1771,2
268,2145,2496,2497,3046,3298,758,2874,3297,3446,1770,2
269,2144,2493,2494,3045,3298,759,2871,3307,3448,1769,2
270,2145,2494,2492,3043,3298,757,2872,3318,3448,1768,2
271,2145,2494,2492,3045,3296,758,2867,3332,3448,1768,2
272,2144,2491,2491,3042,3296,758,2864,3334,3447,1769,2
273,2142,2490,2490,3041,3296,758,2867,3325,3448,1768,2
274,2142,2490,2491,3042,3294,756,2862,3311,3446,1766,2
275,2142,2488,2487,3041,3294,758,2862,3294,3448,1765,2
276,2143,2490,2490,3041,3294,758,2861,3291,3448,1765,2
277,2141,2491,2488,3038,3294,758,2862,3303,3446,1765,2
278,2141,2489,2487,3038,3292,758,2854,3311,3447,1763,2
279,2141,2488,2488,3036,3290,759,2855,3326,3445,1763,2
280,2138,2489,2487,3035,3292,758,2854,3330,3447,1763,2
281,2140,2488,2488,3036,3290,758,2856,3320,3446,1765,2
282,2138,2488,2486,3035,3290,758,2850,3310,3446,1762,2
283,2138,2484,2484,3036,3291,758,2847,3293,3445,1762,2
284,2136,2484,2483,3034,3289,758,2846,3290,3446,1761,2
285,2138,2483,2482,3034,3290,758,2845,3300,3444,1761,2
286,2136,2484,2482,3032,3290,759,2844,3308,3446,1761,2
287,2136,2484,2481,3033,3288,758,2845,3323,3446,1761,2
288,2136,2483,2482,3033,3288,758,2845,3328,3446,1757,2
289,2136,2482,2481,3031,3286,759,2842,3318,3444,1758,2
290,2136,2481,2479,3030,3287,758,2839,3307,3445,1757,2
291,2136,2481,2480,3030,3287,756,2842,3291,3444,1757,2
292,2135,2479,2478,3030,3286,758,2838,3287,3445,1756,2
293,2136,2482,2479,3031,3286,756,2834,3296,3443,1756,2
294,2136,2476,2478,3028,3286,756,2834,3305,3443,1756,2
295,2135,2480,2475,3027,3286,755,2835,3322,3445,1756,2
296,2133,2476,2476,3026,3283,758,2832,3323,3443,1757,2
297,2135,2479,2475,3027,3283,756,2832,3318,3444,1754,2
298,2134,2474,2475,3027,3286,756,2832,3308,3442,1755,2
299,2132,2476,2474,3025,3282,757,2829,3286,3444,1755,2
300,2133,2474,2475,3023,3283,757,2827,3284,3442,1754,2
301,2131,2474,2473,3026,3282,756,2825,3288,3443,1754,2
302,2132,2474,2472,3025,3282,757,2827,3300,3444,1752,2
303,2134,2472,2472,3026,3282,758,2825,3316,3444,1750,2
304,2131,2473,2472,3023,3282,755,2826,3319,3442,1750,2
305,2131,2472,2471,3023,3281,754,2824,3314,3443,1752,2
306,2128,2470,2470,3022,3280,756,2822,3304,3443,1751,2
307,2129,2471,2468,3022,3281,756,2821,3288,3443,1751,2
308,2129,2472,2468,3022,3281,756,2820,3285,3443,1750,2
309,2131,2470,2467,3020,3278,754,2819,3286,3442,1750,2
310,2126,2470,2468,3020,3278,755,2816,3298,3442,1750,2
311,2126,2467,2467,3020,3278,755,2812,3314,3443,1747,2
312,2127,2467,2466,3018,3277,754,2812,3318,3442,1749,2
313,2128,2465,2467,3018,3278,755,2813,3317,3442,1748,2
314,2128,2467,2466,3018,3277,756,2812,3305,3442,1746,2
315,2125,2467,2464,3018,3276,756,2811,3288,3442,1747,2
316,2127,2467,2464,3016,3275,754,2808,3282,3442,1747,2
317,2126,2466,2462,3018,3274,755,2810,3283,3442,1746,2
318,2123,2465,2462,3016,3276,754,2805,3294,3440,1746,2
319,2128,2465,2462,3015,3275,754,2808,3314,3442,1747,2
320,2123,2464,2459,3014,3274,756,2806,3318,3442,1745,2
321,2124,2463,2462,3015,3274,754,2803,3316,3440,1743,3
322,2112,2456,2456,3016,3272,752,2803,3310,3440,1749,3
323,2122,2456,2456,3019,3271,753,2808,3291,3442,1745,3
324,2115,2476,2455,3026,3272,752,2807,3290,3441,1748,3
325,2130,2454,2456,3034,3271,750,2818,3291,3443,1748,3
326,2131,2458,2455,3042,3271,751,2819,3302,3442,1750,3
327,2142,2458,2458,3051,3270,753,2826,3317,3443,1754,3
328,2117,2482,2458,3062,3270,752,2836,3326,3446,1756,3
329,2087,2456,2459,3072,3270,754,2844,3322,3446,1759,3
330,2131,2459,2458,3085,3272,754,2856,3328,3446,1762,3
331,2121,2456,2461,3098,3271,754,2869,3315,3446,1762,3
332,2123,2458,2462,3113,3272,754,2882,3315,3448,1765,3
333,2133,2460,2464,3126,3272,753,2895,3323,3450,1768,3
334,2127,2467,2466,3141,3274,754,2901,3330,3450,1771,3
335,2101,2462,2470,3154,3274,755,2914,3348,3451,1773,3
336,2133,2472,2470,3163,3272,754,2919,3346,3451,1775,3
337,2138,2466,2472,3173,3274,754,2927,3352,3450,1776,3
338,2135,2468,2475,3180,3275,754,2932,3347,3453,1777,3
339,2152,2469,2475,3184,3274,755,2938,3340,3453,1777,3
340,2134,2473,2478,3187,3274,749,2939,3342,3453,1779,3
341,2152,2474,2479,3191,3275,754,2949,3341,3453,1779,3
342,2140,2479,2480,3190,3274,754,2954,3346,3454,1782,3
343,2154,2473,2482,3190,3275,753,2956,3349,3456,1782,3
344,2164,2486,2482,3190,3275,753,2958,3362,3456,1784,3
345,2154,2480,2483,3187,3276,753,2963,3364,3456,1785,3
346,2184,2482,2482,3186,3275,754,2962,3355,3454,1786,3
347,2170,2480,2486,3184,3275,754,2963,3346,3456,1788,3
348,2166,2483,2484,3181,3275,755,2967,3347,3458,1790,3
349,2153,2487,2486,3179,3275,754,2969,3347,3456,1794,3
350,2130,2478,2485,3178,3274,754,2971,3354,3458,1795,3
351,2157,2480,2486,3174,3275,752,2972,3352,3458,1797,3
352,2155,2481,2487,3173,3274,755,2976,3358,3458,1800,3
353,2147,2482,2488,3170,3276,755,2982,3367,3458,1802,3
354,2156,2484,2486,3167,3275,754,2981,3362,3460,1805,3
355,2151,2483,2488,3165,3274,754,2984,3355,3459,1808,3
356,2151,2496,2487,3163,3274,754,2989,3346,3462,1810,3
357,2155,2483,2487,3162,3275,755,2992,3358,3462,1812,3
358,2150,2476,2488,3161,3274,754,2995,3355,3463,1816,3
359,2155,2483,2487,3162,3275,755,3001,3371,3464,1819,3
360,2168,2483,2488,3160,3274,756,3003,3367,3464,1822,3
361,2152,2474,2487,3160,3275,755,3009,3375,3464,1826,3
362,2149,2482,2488,3162,3274,756,3016,3366,3466,1827,3
363,2139,2480,2488,3160,3275,755,3022,3370,3466,1830,3
364,2145,2484,2486,3162,3275,756,3027,3368,3468,1835,3
365,2160,2482,2487,3162,3274,756,3027,3363,3466,1838,3
366,2149,2482,2488,3165,3274,753,3036,3368,3467,1838,3
367,2152,2494,2489,3166,3274,755,3041,3372,3467,1839,3
368,2165,2482,2488,3169,3275,755,3046,3382,3469,1842,3
369,2152,2504,2491,3172,3275,755,3051,3382,3470,1846,3
370,2146,2483,2490,3173,3274,757,3057,3384,3470,1848,3
371,2176,2482,2486,3176,3275,756,3061,3379,3470,1848,3
372,2130,2482,2488,3176,3277,758,3066,3384,3472,1850,3
373,2132,2486,2492,3179,3275,755,3073,3383,3470,1852,3
374,2146,2483,2490,3182,3274,758,3078,3379,3472,1857,3
375,2155,2478,2492,3186,3276,757,3081,3393,3472,1856,3
376,2154,2484,2492,3187,3276,756,3086,3398,3472,1857,3
377,2151,2487,2494,3187,3276,755,3089,3405,3472,1859,3
378,2160,2485,2494,3191,3276,756,3096,3395,3474,1859,3
379,2156,2474,2496,3194,3278,756,3097,3399,3474,1863,3
380,2148,2483,2496,3194,3276,758,3102,3398,3475,1865,3
381,2130,2486,2496,3195,3278,755,3107,3396,3474,1865,3
382,2131,2484,2502,3197,3278,758,3109,3398,3475,1866,3
383,2172,2488,2499,3200,3275,759,3112,3395,3474,1866,3
384,2150,2487,2498,3201,3280,759,3118,3402,3475,1866,3
385,2165,2492,2499,3203,3278,758,3122,3406,3475,1868,3
386,2156,2489,2500,3206,3278,759,3122,3404,3475,1868,3
387,2148,2490,2500,3205,3279,761,3126,3407,3475,1870,3
388,2157,2494,2500,3206,3279,760,3128,3400,3476,1871,3
389,2154,2486,2502,3208,3278,760,3136,3401,3475,1870,3
390,2159,2502,2501,3210,3279,760,3134,3399,3476,1870,3
391,2136,2490,2502,3211,3279,760,3141,3407,3475,1872,3
392,2167,2490,2502,3211,3280,761,3139,3406,3476,1874,3
393,2162,2491,2504,3210,3279,760,3144,3408,3476,1874,3
394,2160,2477,2504,3216,3280,760,3145,3414,3475,1874,3
395,2157,2491,2504,3214,3279,758,3148,3409,3477,1874,3
396,2162,2503,2504,3214,3279,768,3151,3401,3475,1877,3
397,2164,2502,2506,3216,3280,759,3149,3399,3475,1876,3
398,2162,2498,2506,3215,3282,760,3153,3410,3478,1878,3
399,2162,2498,2506,3214,3280,760,3154,3411,3478,1878,3
400,2177,2496,2502,3216,3280,759,3155,3410,3477,1878,3
401,2159,2493,2507,3216,3282,759,3160,3420,3478,1877,3
402,2162,2492,2507,3217,3282,760,3160,3414,3478,1878,3
403,2182,2497,2510,3218,3282,759,3160,3410,3478,1885,3
404,2162,2492,2508,3218,3280,762,3160,3406,3476,1882,3
405,2184,2496,2510,3218,3281,760,3163,3403,3478,1882,3
406,2162,2494,2508,3218,3282,760,3163,3406,3480,1883,3
407,2159,2494,2508,3220,3282,760,3166,3418,3478,1883,3
408,2176,2498,2508,3218,3282,761,3168,3411,3478,1886,3
409,2166,2498,2510,3219,3282,762,3171,3422,3479,1886,3
410,2164,2475,2510,3220,3283,761,3170,3422,3480,1890,3
411,2169,2502,2510,3220,3283,760,3175,3411,3478,1890,3
412,2171,2498,2510,3221,3282,762,3178,3410,3481,1891,3
413,2187,2499,2512,3222,3283,759,3176,3418,3481,1891,3
414,2195,2498,2512,3219,3282,761,3179,3418,3482,1894,3
415,2142,2499,2513,3221,3282,762,3178,3415,3480,1896,3
416,2171,2502,2512,3222,3283,761,3183,3418,3482,1899,3
417,2161,2498,2513,3224,3283,762,3186,3431,3482,1900,3
418,2166,2491,2512,3223,3283,762,3187,3431,3482,1902,3
419,2165,2498,2514,3224,3283,764,3187,3419,3483,1904,3
420,2170,2502,2514,3226,3285,762,3191,3419,3483,1907,3
421,2149,2498,2514,3225,3283,762,3194,3416,3482,1908,3
422,2171,2504,2516,3227,3284,762,3195,3419,3485,1909,3
423,2169,2503,2515,3227,3283,762,3200,3428,3485,1911,3
424,2179,2503,2515,3229,3285,763,3202,3426,3485,1912,3
425,2169,2482,2516,3233,3283,763,3208,3435,3486,1916,3
426,2152,2503,2517,3232,3286,763,3210,3427,3485,1916,3
427,2168,2488,2518,3234,3284,764,3210,3432,3490,1921,3
428,2152,2504,2517,3235,3286,763,3214,3426,3486,1922,3
429,2170,2510,2518,3238,3284,764,3219,3434,3488,1924,3
430,2171,2504,2518,3239,3287,764,3217,3430,3487,1926,3
431,2171,2507,2520,3241,3284,764,3223,3440,3488,1927,3
432,2170,2528,2519,3242,3287,763,3231,3438,3489,1931,3
433,2186,2506,2519,3243,3286,764,3228,3438,3490,1932,3
434,2178,2507,2514,3245,3287,765,3228,3438,3488,1933,3
435,2172,2508,2522,3247,3287,765,3232,3437,3490,1935,3
436,2170,2488,2520,3248,3288,766,3238,3443,3489,1936,3
437,2171,2510,2523,3251,3287,769,3240,3443,3491,1937,3
438,2183,2508,2522,3251,3288,763,3241,3438,3492,1940,3
439,2166,2507,2524,3254,3288,768,3243,3438,3491,1939,3
440,2187,2510,2523,3256,3290,765,3243,3446,3491,1942,3
441,2180,2510,2526,3257,3289,764,3247,3443,3492,1944,3
442,2176,2512,2525,3258,3290,763,3251,3458,3491,1943,3
443,2178,2510,2526,3260,3289,765,3253,3454,3491,1946,3
444,2183,2511,2526,3261,3291,765,3254,3447,3492,1947,3
445,2184,2512,2530,3262,3291,769,3257,3446,3494,1953,3
446,2170,2514,2528,3266,3290,769,3262,3447,3493,1950,3
447,2166,2512,2530,3267,3291,766,3265,3447,3494,1952,3
448,2179,2514,2530,3267,3291,770,3266,3459,3494,1952,3
449,2180,2512,2534,3270,3292,761,3270,3460,3494,1953,3
450,2184,2512,2532,3272,3292,768,3270,3451,3493,1954,3
451,2187,2515,2531,3272,3294,768,3272,3451,3494,1955,3
452,2171,2512,2539,3273,3291,766,3275,3459,3494,1956,3
453,2149,2514,2534,3273,3291,768,3278,3450,3493,1957,3
454,2185,2499,2536,3276,3292,769,3275,3458,3494,1958,3
455,2186,2518,2535,3275,3291,769,3279,3459,3494,1959,3
456,2216,2519,2536,3277,3294,769,3280,3464,3494,1962,3
457,2186,2516,2538,3278,3293,768,3283,3466,3496,1962,3
458,2186,2516,2537,3279,3294,768,3283,3462,3496,1962,3
459,2211,2518,2536,3279,3295,771,3286,3466,3496,1963,3
460,2186,2522,2539,3280,3294,771,3288,3466,3495,1963,3
461,2194,2521,2539,3281,3294,770,3289,3457,3496,1964,3
462,2190,2529,2539,3279,3294,768,3287,3458,3496,1966,3
463,2193,2519,2540,3283,3298,770,3292,3460,3497,1967,3
464,2193,2526,2541,3282,3297,770,3294,3464,3498,1965,3
465,2193,2523,2541,3286,3298,771,3294,3462,3496,1967,3
466,2192,2528,2541,3285,3297,771,3298,3465,3498,1968,3
467,2196,2525,2542,3285,3298,773,3298,3463,3498,1970,3
468,2190,2536,2543,3286,3298,770,3302,3462,3497,1968,3
469,2203,2523,2536,3288,3298,770,3301,3467,3498,1970,3
470,2194,2523,2544,3288,3298,769,3302,3462,3496,1971,3
471,2186,2527,2544,3288,3299,769,3304,3470,3497,1971,3
472,2202,2527,2546,3287,3299,770,3302,3464,3498,1974,3
473,2193,2517,2546,3289,3298,770,3301,3471,3496,1973,3
474,2191,2528,2546,3289,3301,770,3307,3474,3497,1973,3
475,2196,2528,2547,3289,3299,769,3308,3473,3496,1974,3
476,2197,2530,2547,3290,3300,770,3310,3470,3498,1974,3
477,2200,2530,2550,3291,3301,772,3310,3464,3498,1974,3
478,2177,2528,2548,3291,3302,770,3307,3464,3498,1975,3
479,2195,2527,2550,3292,3301,769,3309,3466,3496,1976,3
480,2195,2526,2549,3291,3302,770,3313,3470,3498,1975,3
481,2191,2530,2550,3294,3302,771,3314,3478,3498,1976,3
482,2222,2533,2550,3294,3302,774,3315,3478,3498,1976,3
483,2197,2531,2551,3294,3295,771,3314,3477,3498,1976,3
484,2194,2534,2552,3294,3303,770,3317,3475,3499,1976,3
485,2201,2550,2552,3294,3303,771,3315,3467,3498,1978,3
486,2198,2540,2550,3293,3303,772,3321,3469,3498,1979,3
487,2196,2532,2552,3295,3303,773,3318,3475,3498,1980,3
488,2191,2531,2554,3294,3305,774,3318,3476,3499,1979,3
489,2186,2530,2554,3294,3303,773,3321,3473,3498,1980,3
490,2186,2530,2553,3294,3305,772,3322,3474,3498,1984,3
491,2201,2532,2555,3298,3304,771,3322,3472,3498,1981,3
492,2203,2532,2554,3298,3306,774,3321,3482,3499,1982,3
493,2198,2535,2554,3299,3306,773,3322,3475,3498,1981,3
494,2198,2534,2556,3298,3299,774,3322,3475,3499,1982,3
495,2200,2531,2556,3298,3305,773,3324,3470,3498,1984,3
496,2201,2534,2556,3299,3306,772,3323,3470,3499,1987,3
497,2202,2538,2558,3298,3306,771,3330,3480,3499,1982,3
498,2200,2538,2558,3299,3307,774,3324,3482,3498,1985,3
499,2202,2536,2560,3300,3306,773,3328,3472,3499,1986,3
500,2202,2536,2561,3300,3307,770,3330,3480,3499,1986,3
501,2197,2538,2562,3299,3307,771,3329,3473,3499,1986,3
502,2186,2535,2560,3301,3308,773,3329,3467,3499,1987,3
503,2217,2537,2563,3301,3307,774,3331,3478,3498,1987,3
504,2195,2538,2562,3301,3309,771,3332,3479,3500,1987,3
505,2210,2538,2562,3301,3307,774,3333,3475,3498,1988,3
506,2202,2547,2563,3302,3308,772,3333,3475,3499,1988,3
507,2202,2518,2563,3302,3308,774,3336,3479,3499,1988,3
508,2202,2541,2564,3302,3309,774,3334,3478,3499,1989,3
509,2204,2539,2564,3301,3308,774,3336,3469,3501,1989,3
510,2226,2542,2564,3302,3310,774,3333,3478,3500,1990,3
511,2172,2538,2566,3304,3309,773,3336,3472,3498,1988,3
512,2208,2547,2564,3304,3310,773,3337,3474,3499,1990,3
513,2206,2536,2567,3304,3311,773,3338,3482,3499,1991,3
514,2203,2542,2564,3302,3304,774,3337,3483,3499,1989,3
515,2211,2542,2566,3304,3310,774,3339,3482,3502,1990,3
516,2201,2540,2566,3304,3311,766,3338,3481,3500,1990,3
517,2210,2546,2566,3305,3311,774,3342,3471,3499,1990,3
518,2206,2540,2567,3304,3311,773,3338,3470,3499,1992,3
519,2200,2542,2574,3306,3311,773,3339,3472,3500,1990,3
520,2208,2547,2568,3305,3314,773,3336,3475,3501,1992,3
521,2209,2527,2570,3306,3311,774,3340,3484,3499,1991,3
522,2200,2542,2569,3305,3314,774,3339,3483,3499,1993,3
523,2226,2542,2571,3307,3313,774,3341,3482,3499,1994,3
524,2203,2524,2568,3304,3311,774,3342,3479,3500,1992,3
525,2206,2545,2570,3306,3312,774,3342,3471,3500,1992,3
526,2230,2550,2571,3305,3312,774,3340,3478,3499,1994,3
527,2212,2550,2571,3305,3313,774,3341,3474,3500,1994,3
528,2206,2546,2571,3306,3319,773,3345,3478,3502,1993,3
529,2187,2547,2571,3307,3313,776,3342,3478,3499,1994,3
530,2210,2558,2571,3307,3314,775,3344,3480,3501,1995,3
531,2209,2547,2571,3307,3315,773,3344,3488,3499,1994,3
532,2213,2550,2572,3307,3315,774,3344,3478,3502,1994,3
533,2209,2549,2572,3307,3314,774,3345,3482,3501,1994,3
534,2178,2548,2574,3307,3315,775,3346,3475,3502,1994,3
535,2210,2542,2573,3307,3315,774,3344,3482,3499,1994,3
536,2200,2550,2573,3307,3315,776,3346,3478,3502,1995,3
537,2210,2545,2574,3307,3315,773,3346,3485,3502,1995,3
538,2208,2552,2574,3310,3315,774,3348,3489,3499,1998,3
539,2246,2550,2573,3309,3316,774,3349,3486,3502,1995,3
540,2210,2552,2575,3306,3315,774,3347,3485,3502,1996,3
541,2228,2552,2575,3309,3315,774,3348,3483,3501,1995,3
542,2211,2553,2575,3308,3314,775,3346,3483,3501,1995,3
543,2223,2551,2574,3309,3317,774,3349,3484,3502,1996,3
544,2212,2552,2576,3307,3317,776,3347,3485,3502,1998,3
545,2222,2550,2576,3309,3317,774,3348,3488,3499,1997,3
546,2211,2555,2576,3309,3318,776,3347,3486,3502,1998,3
547,2220,2552,2576,3310,3318,774,3349,3486,3502,1997,3
548,2211,2554,2578,3310,3316,773,3350,3488,3502,1998,3
549,2227,2553,2575,3309,3319,776,3352,3483,3502,1997,3
550,2210,2554,2577,3310,3318,776,3353,3483,3502,1999,3
551,2203,2553,2578,3311,3319,775,3350,3485,3502,1999,3
552,2210,2554,2578,3310,3315,775,3350,3487,3502,1998,3
553,2211,2556,2579,3310,3318,776,3353,3489,3502,1997,3
554,2203,2555,2579,3310,3319,774,3349,3482,3502,1998,3
555,2214,2547,2579,3311,3318,775,3346,3486,3502,1998,3
556,2187,2551,2580,3311,3320,774,3350,3480,3502,1998,3
557,2217,2562,2580,3310,3319,774,3353,3483,3503,2000,3
558,2216,2554,2579,3310,3318,776,3352,3476,3503,2000,3
559,2217,2555,2580,3310,3320,775,3352,3486,3502,1999,3
560,2214,2568,2579,3312,3322,776,3352,3481,3502,2000,3
561,2207,2555,2580,3311,3320,776,3354,3482,3502,1999,3
562,2210,2552,2580,3311,3321,776,3353,3481,3503,1998,3
563,2219,2554,2579,3312,3322,777,3354,3482,3502,1998,3
564,2219,2554,2581,3312,3322,776,3351,3486,3504,2000,3
565,2215,2550,2582,3311,3321,775,3352,3477,3502,2000,3
566,2210,2555,2581,3312,3322,775,3353,3482,3502,1999,3
567,2219,2555,2582,3312,3322,776,3355,3490,3502,1999,3
568,2212,2562,2582,3312,3322,775,3354,3489,3503,2001,3
569,2211,2553,2582,3312,3322,769,3356,3490,3502,2001,3
570,2205,2556,2582,3313,3322,774,3355,3482,3502,2001,3
571,2214,2563,2585,3311,3322,774,3354,3488,3503,2002,3
572,2220,2558,2584,3313,3323,778,3352,3480,3502,2000,3
573,2209,2555,2582,3312,3323,777,3354,3478,3503,2001,3
574,2217,2557,2584,3313,3323,776,3355,3478,3503,2002,3
575,2222,2563,2584,3310,3323,777,3352,3478,3503,2002,3
576,2214,2561,2584,3312,3322,776,3356,3486,3502,2003,3
577,2220,2560,2584,3312,3323,776,3354,3488,3504,2002,3
578,2217,2566,2584,3314,3323,776,3355,3491,3503,2002,3
579,2214,2560,2586,3312,3323,778,3355,3487,3503,2002,3
580,2180,2558,2585,3314,3324,778,3357,3480,3503,2005,3
581,2216,2563,2586,3314,3319,776,3357,3486,3502,2003,3
582,2220,2560,2586,3312,3325,777,3358,3479,3503,2003,3
583,2224,2562,2586,3312,3323,778,3354,3479,3503,2002,3
584,2206,2561,2586,3315,3326,777,3357,3488,3503,2004,3
585,2218,2563,2586,3314,3323,776,3360,3491,3504,2004,3
586,2218,2562,2587,3315,3328,777,3357,3491,3504,2004,3
587,2215,2554,2586,3314,3323,776,3356,3487,3503,2002,3
588,2222,2565,2587,3316,3326,777,3360,3486,3503,2003,3
589,2211,2563,2587,3314,3325,778,3357,3479,3503,2002,3
590,2220,2563,2586,3314,3328,779,3358,3486,3503,2004,3
591,2219,2562,2589,3314,3325,777,3358,3479,3503,2006,3
592,2216,2548,2588,3314,3328,776,3361,3490,3502,2004,3
593,2217,2564,2588,3314,3326,772,3357,3490,3504,2006,3
594,2227,2563,2586,3314,3328,775,3362,3491,3502,2004,3
595,2216,2563,2588,3315,3326,775,3362,3483,3504,2006,3
596,2217,2564,2588,3315,3328,776,3360,3490,3502,2004,3
597,2219,2560,2589,3315,3328,776,3360,3480,3504,2006,3
598,2216,2548,2591,3315,3326,776,3362,3488,3503,2006,3
599,2217,2566,2590,3314,3326,778,3358,3487,3506,2004,3
600,2224,2566,2588,3314,3330,777,3357,3482,3504,2006,3
601,2213,2563,2590,3314,3326,776,3358,3483,3503,2006,3
602,2229,2568,2586,3316,3330,777,3361,3494,3503,2006,3
603,2222,2564,2590,3315,3330,776,3358,3482,3504,2004,3
604,2220,2571,2590,3316,3326,776,3360,3490,3504,2007,3
605,2222,2545,2590,3315,3329,776,3362,3487,3503,2006,3
606,2222,2578,2590,3315,3330,777,3361,3480,3503,2006,3
607,2228,2569,2592,3314,3331,778,3360,3481,3505,2006,3
608,2216,2566,2590,3315,3331,777,3363,3491,3504,2007,3
609,2240,2568,2593,3315,3328,776,3362,3491,3504,2006,3
610,2189,2568,2590,3315,3331,778,3362,3488,3502,2004,3
611,2214,2568,2593,3316,3330,778,3362,3482,3506,2006,3
612,2225,2570,2592,3315,3330,777,3360,3490,3504,2007,3
613,2224,2567,2594,3315,3334,778,3362,3480,3503,2006,3
614,2218,2564,2594,3314,3330,778,3361,3488,3504,2006,3
615,2224,2571,2594,3317,3331,776,3363,3490,3505,2003,3
616,2219,2566,2592,3315,3331,777,3361,3483,3504,2008,3
617,2224,2563,2594,3315,3331,778,3362,3483,3504,2010,3
618,2220,2572,2594,3318,3330,777,3364,3492,3504,2008,3
619,2223,2560,2596,3315,3331,778,3364,3491,3503,2006,3
620,2219,2590,2593,3315,3333,778,3362,3483,3504,2006,3
621,2222,2573,2595,3318,3332,776,3362,3483,3504,2006,3
622,2219,2558,2594,3317,3331,778,3363,3486,3504,2008,3
623,2220,2565,2595,3317,3331,777,3357,3486,3504,2008,3
624,2219,2575,2594,3317,3334,778,3361,3483,3504,2006,3
625,2227,2576,2595,3317,3332,779,3363,3485,3506,2007,3
626,2218,2564,2594,3317,3334,779,3365,3494,3502,2008,3
627,2222,2568,2596,3317,3332,778,3364,3490,3505,2007,3
628,2221,2577,2595,3319,3334,777,3363,3483,3503,2006,3
629,2227,2572,2596,3317,3331,778,3365,3481,3504,2007,3
630,2217,2564,2596,3318,3334,779,3363,3488,3504,2008,3
631,2218,2567,2596,3321,3332,778,3357,3486,3502,2010,3
632,2220,2578,2596,3315,3333,778,3363,3483,3506,2008,3
633,2224,2574,2596,3317,3333,779,3364,3485,3504,2007,3
634,2221,2552,2596,3315,3334,779,3362,3491,3505,2007,3
635,2220,2562,2597,3318,3334,779,3364,3491,3505,2008,3
636,2220,2568,2596,3317,3336,778,3363,3483,3503,2009,3
637,2221,2572,2598,3318,3334,778,3362,3481,3506,2008,3
638,2220,2574,2598,3317,3335,778,3365,3490,3504,2008,3
639,2222,2574,2596,3318,3334,779,3364,3489,3506,2006,3
640,2222,2574,2596,3318,3335,777,3366,3494,3505,2010,3
641,2224,2575,2599,3318,3336,778,3362,3483,3506,2010,3
642,2216,2572,2597,3318,3334,778,3367,3486,3506,2007,3
643,2219,2572,2599,3318,3335,779,3363,3483,3506,2007,3
644,2235,2572,2598,3318,3336,779,3367,3490,3505,2008,3
645,2240,2574,2600,3318,3336,781,3366,3488,3506,2009,3
646,2226,2575,2598,3318,3337,779,3368,3486,3505,2007,3
647,2230,2577,2598,3318,3335,786,3366,3483,3503,2008,3
648,2219,2570,2598,3319,3338,779,3369,3491,3504,2010,3
649,2223,2568,2598,3318,3336,779,3366,3492,3504,2008,3
650,2224,2570,2598,3317,3337,779,3366,3487,3505,2009,3
651,2222,2571,2599,3318,3335,780,3363,3483,3506,2008,3
652,2223,2574,2600,3318,3336,778,3368,3491,3504,2009,3
653,2222,2576,2600,3318,3336,778,3366,3479,3505,2008,3
654,2235,2574,2598,3318,3337,779,3366,3490,3505,2010,3
655,2240,2578,2598,3317,3338,778,3366,3489,3505,2009,3
656,2228,2576,2600,3320,3339,778,3367,3486,3504,2008,3
657,2227,2578,2600,3318,3336,779,3366,3486,3507,2007,3
658,2223,2580,2600,3319,3338,779,3369,3495,3505,2010,3
659,2223,2579,2600,3318,3337,779,3366,3491,3504,2008,3
660,2225,2573,2599,3320,3338,778,3366,3491,3506,2009,3
661,2226,2576,2600,3318,3337,778,3366,3489,3506,2009,3
662,2201,2573,2600,3320,3338,779,3367,3482,3506,2008,3
663,2235,2576,2602,3318,3339,779,3364,3483,3505,2010,3
664,2222,2566,2600,3320,3338,779,3370,3491,3504,2010,3
665,2223,2556,2602,3320,3338,779,3368,3492,3504,2010,3
666,2223,2573,2600,3320,3339,778,3366,3486,3504,2011,3
667,2225,2577,2602,3320,3338,778,3368,3495,3504,2009,3
668,2203,2576,2600,3320,3338,779,3369,3486,3505,2009,3
669,2234,2574,2602,3318,3338,778,3368,3482,3506,2010,3
670,2220,2565,2602,3320,3339,779,3370,3490,3503,2010,3
671,2226,2582,2602,3319,3338,778,3370,3490,3505,2010,3
672,2223,2575,2602,3318,3339,779,3366,3491,3504,2011,3
673,2232,2574,2603,3320,3339,777,3365,3494,3504,2009,3
674,2227,2574,2602,3320,3339,777,3366,3488,3505,2009,3
675,2228,2578,2602,3318,3338,779,3366,3485,3506,2010,3
676,2222,2580,2601,3320,3339,778,3367,3494,3505,2010,3
677,2225,2576,2602,3318,3339,778,3370,3490,3506,2008,3
678,2234,2579,2603,3319,3340,780,3366,3482,3506,2010,3
679,2262,2580,2604,3318,3340,779,3368,3490,3507,2010,3
680,2226,2588,2600,3320,3341,779,3367,3483,3505,2010,3
681,2227,2577,2603,3321,3342,780,3366,3485,3506,2010,3
682,2220,2581,2602,3320,3342,779,3368,3488,3504,2010,3
683,2210,2579,2603,3319,3340,778,3368,3483,3506,2008,3
684,2223,2574,2602,3322,3342,778,3366,3491,3505,2011,3
685,2225,2560,2603,3318,3340,780,3371,3490,3506,2010,3
686,2226,2578,2603,3320,3341,778,3370,3490,3505,2011,3
687,2234,2578,2604,3319,3340,779,3368,3489,3506,2010,3
688,2232,2584,2603,3319,3340,778,3370,3482,3506,2010,3
689,2228,2590,2603,3320,3342,779,3368,3486,3504,2009,3
690,2220,2581,2603,3319,3342,778,3369,3486,3505,2010,3
691,2219,2579,2605,3320,3342,777,3371,3486,3504,2010,3
692,2219,2577,2603,3320,3342,779,3367,3491,3505,2008,3
693,2226,2556,2604,3321,3342,778,3369,3488,3504,2010,3
694,2224,2578,2603,3320,3342,779,3370,3491,3505,2010,3
695,2242,2576,2606,3320,3341,778,3369,3489,3504,2011,3
696,2226,2587,2602,3320,3342,779,3369,3486,3505,2012,3
697,2228,2578,2604,3318,3341,780,3370,3485,3506,2012,3
698,2218,2580,2607,3320,3342,780,3370,3487,3505,2011,3
699,2194,2579,2606,3320,3342,779,3368,3486,3506,2011,3
700,2228,2572,2604,3320,3342,780,3368,3490,3506,2011,3
701,2227,2582,2606,3320,3342,779,3368,3489,3505,2012,3
702,2260,2579,2606,3322,3343,779,3368,3489,3506,2013,3
703,2226,2577,2605,3320,3342,778,3370,3489,3506,2011,3
704,2228,2579,2605,3321,3342,779,3370,3483,3506,2012,3
705,2234,2582,2606,3320,3342,779,3368,3493,3506,2011,3
706,2232,2582,2605,3318,3342,780,3370,3486,3505,2012,3
707,2229,2576,2607,3320,3343,781,3367,3485,3507,2012,3
708,2218,2582,2610,3319,3344,779,3368,3486,3505,2011,3
709,2236,2584,2606,3321,3342,779,3369,3482,3506,2012,3
710,2225,2584,2606,3319,3344,779,3371,3482,3506,2011,3
711,2228,2582,2606,3320,3342,778,3366,3482,3506,2012,3
712,2221,2580,2606,3320,3345,779,3371,3491,3506,2014,3
713,2228,2567,2607,3318,3344,778,3369,3491,3506,2010,3
714,2231,2582,2600,3319,3344,779,3369,3494,3506,2012,3
715,2219,2581,2607,3320,3344,780,3371,3491,3506,2012,3
716,2225,2582,2607,3320,3344,779,3368,3482,3506,2014,3
717,2230,2582,2607,3322,3343,778,3370,3490,3506,2012,3
718,2229,2583,2606,3321,3345,779,3368,3483,3505,2012,3
719,2228,2586,2607,3320,3346,781,3370,3483,3504,2011,3
720,2214,2584,2606,3321,3344,780,3370,3483,3506,2011,3
